(19.4, 1.0, 20.0)
(19.4, 1.0, 20.0)
(19.4, 1.0, 20.0)
(19.4, 1.0, 20.0)
(19.4, 1.0, 20.0)
(19.4, 1.0, 20.0)
(19.4, 1.0, 20.0)
(18.0, 1.0, 20.0)
(17.1, 1.0, 20.0)
(20.1, 1.0, 20.0)
(20.0, 1.0, 20.0)
(19.0, 1.0, 20.0)
(18.2, 1.0, 20.0)
(15.3, 1.0, 20.1)
(14.8, 1.0, 20.1)
(10.1, 1.0, 20.2)
(5.5, 1.0, 20.1)
(1.1, 1.0, 21.6)
(-3.4, 1.0, 21.9)
(-7.6, 1.0, 21.9)
(-11.6, 1.0, 21.3)
(-13.6, 1.0, 20.0)
(-16.3, 1.0, 16.1)
(-16.9, 1.0, 11.6)
(-13.4, 0.5, 8.3)
(-12.9, -7.5, 8.0)
(-12.9, -25.7, 8.0)
(19.4, 1.0, 20.0)
(19.4, 1.0, 20.0)
(19.4, 1.0, 20.0)
(19.4, 1.0, 20.0)
(19.4, 1.0, 20.0)
(19.4, 1.0, 20.0)
(19.4, 1.0, 20.0)
(19.4, 1.0, 20.0)
(19.4, 1.0, 20.0)
(19.3, 1.0, 20.0)
(18.6, 1.0, 20.1)
(18.7, 1.0, 20.0)
(18.3, 1.0, 20.1)
(19.2, 1.0, 20.0)
(16.0, 1.0, 20.2)
(19.4, 1.0, 20.0)
(16.5, 1.0, 20.1)
(15.3, 1.0, 20.2)
(10.9, 1.0, 20.3)
(6.2, 1.0, 21.0)
(1.5, 1.0, 21.5)
(-3.3, 1.0, 21.9)
(-7.5, 1.0, 22.1)
(-11.2, 1.0, 20.8)
(-13.2, 1.0, 18.5)
(-16.0, 1.0, 14.5)
(-15.9, 1.0, 9.8)
(-12.5, -1.4, 7.7)
(-12.5, -13.4, 7.7)
(19.4, 1.0, 20.0)
(19.4, 1.0, 20.0)
(19.4, 1.0, 20.0)
(19.4, 1.0, 20.0)
(19.4, 1.0, 20.0)
(19.4, 1.0, 20.0)
(19.4, 1.0, 20.0)
(19.4, 1.0, 20.0)
(19.4, 1.0, 20.0)
(19.4, 1.0, 20.0)
(19.4, 1.0, 20.0)
(19.4, 1.0, 20.0)
(17.8, 1.0, 19.7)
(14.3, 1.0, 19.5)
(10.6, 1.0, 19.6)
(7.0, 1.0, 19.6)
(3.3, 1.0, 19.8)
(-0.3, 1.0, 19.9)
(-3.4, 1.0, 20.1)
(-6.6, 1.0, 20.3)
(-9.6, 1.0, 20.6)
(-11.0, 1.0, 20.4)
(-11.7, 1.0, 20.1)
(-14.8, 1.0, 17.7)
(-16.5, 1.0, 14.2)
(-16.0, 1.0, 10.4)
(-13.0, -1.1, 9.0)
(-13.0, -12.4, 9.0)
(-13.0, -33.5, 9.0)
(-13.0, -65.1, 9.0)
(-13.0, -106.9, 9.0)
(19.4, 1.0, 20.0)
(19.4, 1.0, 20.0)
(19.4, 1.0, 20.0)
(19.4, 1.0, 20.0)
(19.4, 1.0, 20.0)
(19.4, 1.0, 20.0)
(19.4, 1.0, 20.0)
(19.4, 1.0, 20.0)
(19.0, 1.0, 20.0)
(18.6, 1.0, 19.9)
(18.5, 1.0, 19.9)
(18.5, 1.0, 19.9)
(17.3, 1.0, 19.9)
(13.4, 1.0, 20.0)
(9.5, 1.0, 20.3)
(5.6, 1.0, 20.2)
(1.7, 1.0, 20.2)
(-2.0, 1.0, 20.4)
(-5.4, 1.0, 20.4)
(-8.7, 1.0, 20.6)
(-12.2, 1.0, 20.4)
(-14.7, 1.0, 17.5)
(-17.1, 1.0, 14.4)
(-16.4, 1.0, 10.5)
(-13.6, 0.5, 8.2)
(-13.3, -7.2, 8.2)
(19.4, 1.0, 20.0)
(19.4, 1.0, 20.0)
(19.4, 1.0, 20.0)
(19.4, 1.0, 20.0)
(19.4, 1.0, 20.0)
(19.4, 1.0, 20.0)
(19.4, 1.0, 20.0)
(19.4, 1.0, 20.0)
(19.4, 1.0, 20.0)
(19.4, 1.0, 20.0)
(18.5, 1.0, 19.9)
(18.9, 1.0, 19.9)
(18.9, 1.0, 19.9)
(18.9, 1.0, 19.9)
(18.9, 1.0, 19.9)
(18.0, 1.0, 19.9)
(13.8, 1.0, 19.4)
(9.6, 1.0, 19.5)
(5.2, 1.0, 19.6)
(1.0, 1.0, 20.0)
(-3.2, 1.0, 20.5)
(-5.3, 1.0, 20.6)
(-8.9, 1.0, 21.4)
(-12.5, 1.0, 20.1)
(-15.3, 1.0, 16.9)
(-16.8, 1.0, 13.0)
(-15.4, 1.0, 10.9)
(-13.4, 0.3, 9.0)
(-12.9, -8.3, 8.5)
(19.4, 1.0, 20.0)
(19.4, 1.0, 20.0)
(19.4, 1.0, 20.0)
(19.4, 1.0, 20.0)
(19.4, 1.0, 20.0)
(19.4, 1.0, 20.0)
(19.4, 1.0, 20.0)
(19.4, 1.0, 20.0)
(19.4, 1.0, 20.0)
(18.5, 1.0, 20.0)
(18.7, 1.0, 20.0)
(17.4, 1.0, 20.0)
(14.0, 1.0, 19.9)
(10.3, 1.0, 19.5)
(6.7, 1.0, 19.6)
(3.1, 1.0, 19.9)
(-0.4, 1.0, 19.9)
(-3.5, 1.0, 20.3)
(-6.4, 1.0, 20.6)
(-9.4, 1.0, 20.9)
(-11.8, 1.0, 20.5)
(-14.7, 1.0, 18.4)
(-16.1, 1.0, 15.3)
(-16.4, 1.0, 12.8)
(-14.8, 1.0, 9.7)
(-13.2, -3.5, 8.5)
(-13.2, -18.1, 8.5)
(19.4, 1.0, 20.0)
(19.4, 1.0, 20.0)
(19.4, 1.0, 20.0)
(19.4, 1.0, 20.0)
(19.4, 1.0, 20.0)
(19.4, 1.0, 20.0)
(19.4, 1.0, 20.0)
(19.4, 1.0, 20.0)
(19.4, 1.0, 20.0)
(19.4, 1.0, 20.0)
(19.0, 1.0, 20.0)
(18.4, 1.0, 20.0)
(18.8, 1.0, 20.0)
(18.8, 1.0, 20.0)
(18.7, 1.0, 20.0)
(15.1, 1.0, 20.1)
(11.0, 1.0, 20.1)
(7.0, 1.0, 20.0)
(5.2, 1.0, 19.9)
(2.0, 1.0, 20.7)
(-1.5, 1.0, 21.0)
(-5.1, 1.0, 21.1)
(-8.5, 1.0, 21.1)
(-11.9, 1.0, 20.2)
(-14.4, 1.0, 17.4)
(-16.1, 1.0, 13.8)
(-15.4, 1.0, 9.9)
(-12.6, -1.8, 8.4)
(-12.6, -14.4, 8.4)
(19.4, 1.0, 20.0)
(19.4, 1.0, 20.0)
(19.4, 1.0, 20.0)
(19.4, 1.0, 20.0)
(19.4, 1.0, 20.0)
(19.4, 1.0, 20.0)
(19.4, 1.0, 20.0)
(19.4, 1.0, 20.0)
(19.4, 1.0, 20.0)
(19.4, 1.0, 20.0)
(19.4, 1.0, 20.0)
(19.4, 1.0, 20.0)
(19.4, 1.0, 20.0)
(19.4, 1.0, 20.0)
(19.4, 1.0, 20.0)
(19.4, 1.0, 20.0)
(19.4, 1.0, 20.0)
(19.4, 1.0, 20.0)
(19.4, 1.0, 20.0)
(19.4, 1.0, 20.0)
(19.4, 1.0, 20.0)
(19.4, 1.0, 20.0)
(19.4, 1.0, 20.0)
(19.4, 1.0, 20.0)
(19.4, 1.0, 20.0)
(19.4, 1.0, 20.0)
(19.4, 1.0, 20.0)
(19.4, 1.0, 20.0)
(19.4, 1.0, 20.0)
(19.4, 1.0, 20.0)
(19.4, 1.0, 20.0)
(19.4, 1.0, 20.0)
(19.4, 1.0, 20.0)
(19.4, 1.0, 20.0)
(19.4, 1.0, 20.0)
(19.0, 1.0, 20.0)
(15.1, 1.0, 20.2)
(10.3, 1.0, 20.6)
(5.4, 1.0, 20.2)
(0.7, 1.0, 18.6)
(-4.0, 1.0, 17.4)
(-8.4, 1.0, 16.4)
(-12.6, 1.0, 15.3)
(-16.1, 1.0, 12.7)
(-17.7, 1.0, 8.7)
(-16.2, 1.0, 5.9)
(-15.1, 1.0, 3.8)
(-11.4, 1.0, 2.7)
(-7.6, 1.0, 3.0)
(-4.4, 1.0, 2.9)
(-1.1, 1.0, 2.3)
(2.4, 1.0, 1.9)
(5.6, 1.0, 1.4)
(8.5, 1.0, 0.9)
(11.3, 1.0, 0.3)
(14.2, 1.0, -0.3)
(16.8, 1.0, -1.0)
(17.5, 1.0, -1.7)
(17.5, 1.0, -1.7)
(17.5, 1.0, -1.7)
(14.8, 1.0, -3.5)
(19.4, 1.0, 20.0)
(19.4, 1.0, 20.0)
(19.4, 1.0, 20.0)
(19.4, 1.0, 20.0)
(19.4, 1.0, 20.0)
(19.4, 1.0, 20.0)
(19.4, 1.0, 20.0)
(18.1, 1.0, 20.0)
(18.1, 1.0, 20.0)
(19.4, 1.0, 20.0)
(19.4, 1.0, 20.0)
(19.4, 1.0, 20.0)
(19.4, 1.0, 20.0)
(19.4, 1.0, 20.0)
(19.4, 1.0, 20.0)
(19.4, 1.0, 20.0)
(19.4, 1.0, 20.0)
(19.4, 1.0, 20.0)
(19.4, 1.0, 20.0)
(19.5, 1.0, 20.0)
(20.4, 1.0, 21.2)
(20.4, 1.0, 21.2)
(20.4, 1.0, 20.9)
(20.3, 1.0, 19.2)
(20.3, 1.0, 19.2)
(19.4, 1.0, 20.0)
(19.4, 1.0, 20.0)
(19.4, 1.0, 20.0)
(19.4, 1.0, 20.0)
(19.4, 1.0, 20.0)
(19.4, 1.0, 20.0)
(19.4, 1.0, 20.0)
(18.8, 1.0, 20.0)
(18.8, 1.0, 20.0)
(18.8, 1.0, 20.0)
(18.8, 1.0, 20.0)
(18.8, 1.0, 20.0)
(19.4, 1.0, 20.5)
(19.4, 1.0, 20.5)
(19.4, 1.0, 20.0)
(19.4, 1.0, 20.0)
(19.4, 1.0, 20.0)
(19.4, 1.0, 20.0)
(19.4, 1.0, 20.0)
(19.4, 1.0, 20.0)
(19.4, 1.0, 20.0)
(18.8, 1.0, 20.0)
(18.2, 1.0, 20.0)
(18.2, 1.0, 20.0)
(18.2, 1.0, 20.0)
(18.2, 1.0, 20.0)
(18.2, 1.0, 20.0)
(18.2, 1.0, 20.0)
(19.4, 1.0, 20.0)
(19.4, 1.0, 20.0)
(19.4, 1.0, 20.0)
(19.4, 1.0, 20.0)
(19.4, 1.0, 20.0)
(19.4, 1.0, 20.0)
(19.4, 1.0, 20.0)
(19.4, 1.0, 20.0)
(19.4, 1.0, 20.0)
(19.4, 1.0, 20.0)
(19.4, 1.0, 20.0)
(19.4, 1.0, 20.0)
(19.4, 1.0, 20.0)
(19.4, 1.0, 20.0)
(19.4, 1.0, 20.0)
(19.4, 1.0, 20.0)
(19.4, 1.0, 20.0)
(19.4, 1.0, 20.0)
(19.4, 1.0, 20.0)
(19.4, 1.0, 20.0)
(19.4, 1.0, 20.0)
(19.4, 1.0, 20.0)
(19.4, 1.0, 20.0)
(19.4, 1.0, 20.0)
(19.4, 1.0, 20.0)
(19.4, 1.0, 20.0)
(19.4, 1.0, 20.0)
(19.4, 1.0, 20.0)
(19.4, 1.0, 20.0)
(19.4, 1.0, 20.0)
(19.4, 1.0, 20.0)
(19.4, 1.0, 20.0)
(19.4, 1.0, 20.0)
(19.4, 1.0, 20.0)
(19.3, 1.0, 20.0)
(18.2, 1.0, 20.0)
(18.2, 1.0, 20.0)
(18.2, 1.0, 20.0)
(18.5, 1.0, 19.2)
(18.5, 1.0, 19.2)
(18.5, 1.0, 19.2)
(18.5, 1.0, 19.2)
(18.5, 1.0, 19.2)
(18.5, 1.0, 19.2)
(18.5, 1.0, 19.2)
(18.5, 1.0, 19.2)
(18.5, 1.0, 19.2)
(20.3, 1.0, 19.5)
(18.6, 1.0, 18.7)
(15.7, 1.0, 18.4)
(15.9, 1.0, 18.5)
(20.7, 1.0, 19.6)
(18.6, 1.0, 19.2)
(19.3, 1.0, 19.5)
(19.0, 1.0, 19.3)
(19.4, 1.0, 20.0)
(19.4, 1.0, 20.0)
(19.4, 1.0, 20.0)
(19.4, 1.0, 20.0)
(19.4, 1.0, 20.0)
(19.4, 1.0, 20.0)
(19.4, 1.0, 20.0)
(19.4, 1.0, 20.0)
(19.4, 1.0, 20.0)
(19.4, 1.0, 20.0)
(19.4, 1.0, 20.0)
(19.4, 1.0, 20.0)
(19.4, 1.0, 20.0)
(19.4, 1.0, 20.0)
(19.4, 1.0, 20.0)
(19.4, 1.0, 20.0)
(19.4, 1.0, 20.0)
(19.4, 1.0, 20.0)
(19.4, 1.0, 20.0)
(19.4, 1.0, 20.0)
(19.4, 1.0, 20.0)
(19.4, 1.0, 20.0)
(19.4, 1.0, 20.0)
(19.4, 1.0, 20.0)
(19.4, 1.0, 20.0)
(19.4, 1.0, 20.0)
(19.4, 1.0, 20.0)
(19.4, 1.0, 20.0)
(19.4, 1.0, 20.0)
(19.4, 1.0, 20.0)
(19.4, 1.0, 20.0)
(19.4, 1.0, 20.0)
(19.4, 1.0, 20.0)
(19.4, 1.0, 20.0)
(19.4, 1.0, 20.0)
(19.4, 1.0, 20.0)
(19.4, 1.0, 20.0)
(19.4, 1.0, 20.0)
(19.4, 1.0, 20.0)
(19.4, 1.0, 20.0)
(19.4, 1.0, 20.0)
(19.4, 1.0, 20.0)
(19.4, 1.0, 20.0)
(19.4, 1.0, 20.0)
(19.4, 1.0, 20.0)
(19.0, 1.0, 20.0)
(16.5, 1.0, 20.0)
(16.5, 1.0, 20.0)
(16.5, 1.0, 20.0)
(16.5, 1.0, 20.0)
(13.7, 1.0, 22.8)
(11.1, 1.0, 24.1)
(15.0, 1.0, 21.7)
(18.8, 1.0, 18.8)
(20.5, 1.0, 18.3)
(20.5, 1.0, 18.3)
(19.4, 1.0, 20.0)
(19.4, 1.0, 20.0)
(19.4, 1.0, 20.0)
(19.4, 1.0, 20.0)
(19.4, 1.0, 20.0)
(19.4, 1.0, 20.0)
(19.4, 1.0, 20.0)
(19.4, 1.0, 20.0)
(19.4, 1.0, 20.0)
(19.4, 1.0, 20.0)
(19.4, 1.0, 20.0)
(19.4, 1.0, 20.0)
(19.4, 1.0, 20.0)
(19.4, 1.0, 20.0)
(19.4, 1.0, 20.0)
(19.4, 1.0, 20.0)
(19.4, 1.0, 20.0)
(19.4, 1.0, 20.0)
(19.4, 1.0, 20.0)
(19.4, 1.0, 20.0)
(19.4, 1.0, 20.0)
(19.4, 1.0, 20.0)
(19.4, 1.0, 20.0)
(19.4, 1.0, 20.0)
(19.4, 1.0, 20.0)
(19.4, 1.0, 20.0)
(19.4, 1.0, 20.0)
(19.4, 1.0, 20.0)
(19.4, 1.0, 20.0)
(19.4, 1.0, 20.0)
(19.4, 1.0, 20.0)
(19.4, 1.0, 20.0)
(19.4, 1.0, 20.0)
(19.4, 1.0, 20.0)
(19.4, 1.0, 20.0)
(19.4, 1.0, 20.0)
(19.4, 1.0, 20.0)
(19.4, 1.0, 20.0)
(19.4, 1.0, 20.0)
(19.4, 1.0, 20.0)
(19.4, 1.0, 20.0)
(19.4, 1.0, 20.0)
(19.4, 1.0, 20.0)
(19.4, 1.0, 20.0)
(19.4, 1.0, 20.0)
(19.4, 1.0, 20.0)
(19.4, 1.0, 20.0)
(19.4, 1.0, 20.0)
(19.4, 1.0, 20.0)
(19.4, 1.0, 20.0)
(19.4, 1.0, 20.0)
(19.4, 1.0, 20.0)
(19.4, 1.0, 20.0)
(19.4, 1.0, 20.0)
(19.1, 1.0, 20.0)
(19.7, 1.0, 20.0)
(19.7, 1.0, 20.0)
(19.7, 1.0, 20.0)
(19.7, 1.0, 20.0)
(19.7, 1.0, 20.0)
(19.4, 1.0, 20.0)
(19.4, 1.0, 20.0)
(19.4, 1.0, 20.0)
(19.4, 1.0, 20.0)
(19.4, 1.0, 20.0)
(19.4, 1.0, 20.0)
(19.4, 1.0, 20.0)
(19.4, 1.0, 20.0)
(19.4, 1.0, 20.0)
(19.4, 1.0, 20.0)
(19.4, 1.0, 20.0)
(19.4, 1.0, 20.0)
(19.4, 1.0, 20.0)
(19.4, 1.0, 20.0)
(19.4, 1.0, 20.0)
(19.4, 1.0, 20.0)
(19.4, 1.0, 20.0)
(19.4, 1.0, 20.0)
(19.4, 1.0, 20.0)
(19.4, 1.0, 20.0)
(19.4, 1.0, 20.0)
(19.4, 1.0, 20.0)
(19.4, 1.0, 20.0)
(19.4, 1.0, 20.0)
(19.4, 1.0, 20.0)
(19.4, 1.0, 20.0)
(19.4, 1.0, 20.0)
(19.4, 1.0, 20.0)
(19.4, 1.0, 20.0)
(19.4, 1.0, 20.0)
(19.4, 1.0, 20.0)
(19.4, 1.0, 20.0)
(19.4, 1.0, 20.0)
(19.4, 1.0, 20.0)
(19.4, 1.0, 20.0)
(19.4, 1.0, 20.0)
(19.4, 1.0, 20.0)
(19.4, 1.0, 20.0)
(19.4, 1.0, 20.0)
(18.4, 1.0, 20.0)
(15.8, 1.0, 20.3)
(13.4, 1.0, 20.3)
(13.4, 1.0, 20.3)
(14.0, 1.0, 20.4)
(15.6, 1.0, 20.5)
(18.0, 1.0, 19.5)
(18.6, 1.0, 19.3)
(18.6, 1.0, 19.3)
(16.8, 1.0, 19.2)
(13.0, 1.0, 19.3)
(9.2, 1.0, 19.5)
(5.4, 1.0, 19.6)
(1.5, 1.0, 19.9)
(-2.1, 1.0, 20.1)
(-5.3, 1.0, 20.4)
(-8.5, 1.0, 20.9)
(-9.9, 1.0, 20.5)
(-11.4, 1.0, 20.7)
(-11.4, 1.0, 20.7)
(-11.4, 1.0, 20.7)
(-11.4, 1.0, 20.7)
(-11.4, 1.0, 20.7)
(-11.4, 1.0, 20.7)
(-11.4, 1.0, 20.7)
(-12.8, 1.0, 21.0)
(-12.0, 1.0, 21.1)
(-12.0, 1.0, 21.1)
(-12.0, 1.0, 21.1)
(-14.7, 1.0, 20.0)
(-16.4, 1.0, 15.5)
(-18.5, 1.0, 11.1)
(-18.4, 1.0, 6.2)
(-15.3, 1.0, 3.7)
(-10.8, 1.0, 3.6)
(-6.3, 1.0, 3.6)
(-2.0, 1.0, 3.1)
(2.3, 1.0, 2.6)
(6.2, 1.0, 2.8)
(10.1, 1.0, 2.1)
(13.9, 1.0, 0.9)
(17.0, 1.0, -0.8)
(17.2, 1.0, -0.9)
(17.2, 1.0, -0.9)
(17.2, 1.0, -0.9)
(17.2, 1.0, -0.9)
(17.2, 1.0, -0.9)
(17.2, 1.0, -0.9)
(17.2, 1.0, -0.9)
(17.2, 1.0, -0.9)
(14.2, 1.0, 0.7)
(13.7, 1.0, 1.0)
(13.7, 1.0, 1.0)
(13.7, 1.0, 1.0)
(13.7, 1.0, 1.0)
(16.6, 1.0, -0.6)
(17.5, 1.0, -1.0)
(17.5, 1.0, -1.0)
(17.5, 1.0, -1.0)
(17.5, 1.0, -1.0)
(17.5, 1.0, -1.0)
(19.4, 1.0, 20.0)
(19.4, 1.0, 20.0)
(19.4, 1.0, 20.0)
(19.4, 1.0, 20.0)
(19.4, 1.0, 20.0)
(19.4, 1.0, 20.0)
(19.4, 1.0, 20.0)
(19.4, 1.0, 20.0)
(19.4, 1.0, 20.0)
(19.4, 1.0, 20.0)
(19.4, 1.0, 20.0)
(19.4, 1.0, 20.0)
(19.4, 1.0, 20.0)
(19.4, 1.0, 20.0)
(19.4, 1.0, 20.0)
(19.4, 1.0, 20.0)
(19.4, 1.0, 20.0)
(19.4, 1.0, 20.0)
(19.4, 1.0, 20.0)
(19.4, 1.0, 20.0)
(19.4, 1.0, 20.0)
(19.4, 1.0, 20.0)
(19.4, 1.0, 20.0)
(19.4, 1.0, 20.0)
(19.4, 1.0, 20.0)
(19.4, 1.0, 20.0)
(19.4, 1.0, 20.0)
(19.4, 1.0, 20.0)
(19.4, 1.0, 20.0)
(19.4, 1.0, 20.0)
(19.4, 1.0, 20.0)
(19.4, 1.0, 20.0)
(19.4, 1.0, 20.0)
(19.4, 1.0, 20.0)
(19.4, 1.0, 20.0)
(19.4, 1.0, 20.0)
(19.4, 1.0, 20.0)
(19.4, 1.0, 20.0)
(19.4, 1.0, 20.0)
(19.4, 1.0, 20.0)
(19.4, 1.0, 20.0)
(19.4, 1.0, 20.0)
(19.4, 1.0, 20.0)
(19.4, 1.0, 20.0)
(19.4, 1.0, 20.0)
(19.4, 1.0, 20.0)
(19.4, 1.0, 20.0)
(19.4, 1.0, 20.0)
(19.4, 1.0, 20.0)
(19.4, 1.0, 20.0)
(19.4, 1.0, 20.0)
(19.4, 1.0, 20.0)
(19.4, 1.0, 20.0)
(19.4, 1.0, 20.0)
(19.4, 1.0, 20.0)
(19.4, 1.0, 20.0)
(19.4, 1.0, 20.0)
(19.4, 1.0, 20.0)
(19.4, 1.0, 20.0)
(19.4, 1.0, 20.0)
(19.4, 1.0, 20.0)
(19.4, 1.0, 20.0)
(19.4, 1.0, 20.0)
(18.4, 1.0, 20.0)
(19.5, 1.0, 20.0)
(19.2, 1.0, 20.0)
(18.4, 1.0, 20.0)
(14.5, 1.0, 19.9)
(10.5, 1.0, 19.8)
(6.5, 1.0, 19.7)
(2.5, 1.0, 19.7)
(-1.4, 1.0, 19.6)
(-4.9, 1.0, 19.6)
(-8.3, 1.0, 19.5)
(-11.0, 1.0, 19.5)
(-11.0, 1.0, 19.5)
(19.4, 1.0, 20.0)
(19.4, 1.0, 20.0)
(19.4, 1.0, 20.0)
(19.4, 1.0, 20.0)
(19.4, 1.0, 20.0)
(19.4, 1.0, 20.0)
(19.4, 1.0, 20.0)
(19.4, 1.0, 20.0)
(19.0, 1.0, 20.0)
(16.1, 1.0, 20.0)
(13.0, 1.0, 19.4)
(11.9, 1.0, 19.5)
(11.8, 1.0, 19.6)
(8.8, 1.0, 19.7)
(6.0, 1.0, 19.9)
(5.3, 1.0, 19.9)
(4.4, 1.0, 20.0)
(19.4, 1.0, 20.0)
(19.4, 1.0, 20.0)
(19.4, 1.0, 20.0)
(19.4, 1.0, 20.0)
(19.4, 1.0, 20.0)
(19.4, 1.0, 20.0)
(19.4, 1.0, 20.0)
(19.4, 1.0, 20.0)
(19.4, 1.0, 20.0)
(18.8, 1.0, 20.0)
(15.5, 1.0, 20.0)
(12.0, 1.0, 19.9)
(9.8, 1.0, 17.6)
(6.8, 1.0, 16.5)
(3.4, 1.0, 16.7)
(0.5, 1.0, 17.4)
(-0.1, 1.0, 17.6)
(-0.6, 1.0, 17.7)
(-3.5, 1.0, 18.4)
(19.4, 1.0, 20.0)
(19.4, 1.0, 20.0)
(19.4, 1.0, 20.0)
(19.4, 1.0, 20.0)
(19.4, 1.0, 20.0)
(19.4, 1.0, 20.0)
(19.4, 1.0, 20.0)
(19.2, 1.0, 20.0)
(17.9, 1.0, 19.5)
(19.2, 1.0, 19.3)
(19.2, 1.0, 19.3)
(19.2, 1.0, 19.3)
(19.1, 1.0, 19.3)
(15.2, 1.0, 19.8)
(10.9, 1.0, 20.2)
(6.5, 1.0, 19.9)
(2.3, 1.0, 20.4)
(-2.1, 1.0, 20.7)
(-4.7, 1.0, 20.8)
(-8.6, 1.0, 20.6)
(-13.0, 1.0, 20.2)
(-15.0, 1.0, 15.7)
(-17.3, 1.0, 11.5)
(-17.3, 1.0, 6.6)
(-14.0, 1.0, 3.4)
(-9.4, 0.3, 4.0)
(-9.1, 0.2, 4.1)
(-8.8, 0.2, 4.1)
(-11.3, -1.9, 5.3)
(19.4, 1.0, 20.0)
(19.4, 1.0, 20.0)
(19.4, 1.0, 20.0)
(19.4, 1.0, 20.0)
(19.4, 1.0, 20.0)
(19.4, 1.0, 20.0)
(19.4, 1.0, 20.0)
(19.4, 1.0, 20.0)
(18.0, 1.0, 19.9)
(16.5, 1.0, 19.8)
(19.4, 1.0, 20.0)
(19.4, 1.0, 20.0)
(19.4, 1.0, 20.0)
(19.4, 1.0, 20.0)
(19.4, 1.0, 20.0)
(19.4, 1.0, 20.0)
(19.4, 1.0, 20.0)
(19.4, 1.0, 20.0)
(19.4, 1.0, 20.0)
(17.9, 1.0, 20.0)
(14.6, 1.0, 20.0)
(11.2, 1.0, 20.0)
(7.8, 1.0, 19.8)
(19.4, 1.0, 20.0)
(19.4, 1.0, 20.0)
(19.4, 1.0, 20.0)
(19.4, 1.0, 20.0)
(19.4, 1.0, 20.0)
(19.4, 1.0, 20.0)
(19.4, 1.0, 20.0)
(19.4, 1.0, 20.0)
(18.6, 1.0, 20.0)
(19.4, 1.0, 20.0)
(19.4, 1.0, 20.0)
(19.4, 1.0, 20.0)
(19.4, 1.0, 20.0)
(19.4, 1.0, 20.0)
(19.4, 1.0, 20.0)
(19.4, 1.0, 20.0)
(18.6, 1.0, 19.9)
(19.1, 1.0, 19.9)
(16.1, 1.0, 19.8)
(13.5, 1.0, 19.7)
(10.2, 1.0, 19.5)
(6.9, 1.0, 19.6)
(3.7, 1.0, 19.6)
(0.6, 1.0, 19.5)
(-2.1, 1.0, 19.5)
(-4.9, 1.0, 19.7)
(-7.5, 1.0, 20.0)
(19.4, 1.0, 20.0)
(19.4, 1.0, 20.0)
(19.4, 1.0, 20.0)
(19.4, 1.0, 20.0)
(19.4, 1.0, 20.0)
(19.4, 1.0, 20.0)
(19.4, 1.0, 20.0)
(19.4, 1.0, 20.0)
(19.4, 1.0, 20.0)
(18.8, 1.0, 19.9)
(19.3, 1.0, 19.8)
(19.3, 1.0, 19.8)
(19.3, 1.0, 19.8)
(19.3, 1.0, 19.8)
(19.3, 1.0, 19.8)
(19.3, 1.0, 19.8)
(17.6, 1.0, 19.8)
(13.2, 1.0, 19.8)
(8.9, 1.0, 19.6)
(4.5, 1.0, 19.6)
(0.2, 1.0, 20.2)
(-4.2, 1.0, 20.7)
(-8.5, 1.0, 21.1)
(-11.0, 1.0, 20.8)
(-11.0, 1.0, 20.8)
(-12.9, 1.0, 18.5)
(-15.9, 1.0, 14.5)
(-17.6, 1.0, 10.0)
(-17.1, 1.0, 5.1)
(-13.0, 1.0, 3.2)
(-8.4, 1.0, 2.9)
(-4.1, 1.0, 2.7)
(0.4, 1.0, 2.5)
(19.4, 1.0, 20.0)
(19.4, 1.0, 20.0)
(19.4, 1.0, 20.0)
(19.4, 1.0, 20.0)
(19.4, 1.0, 20.0)
(19.4, 1.0, 20.0)
(19.4, 1.0, 20.0)
(19.4, 1.0, 20.0)
(19.4, 1.0, 20.0)
(19.4, 1.0, 20.0)
(19.4, 1.0, 20.0)
(19.4, 1.0, 20.0)
(19.4, 1.0, 20.0)
(19.4, 1.0, 20.0)
(19.4, 1.0, 20.0)
(19.4, 1.0, 20.0)
(19.4, 1.0, 20.0)
(19.0, 1.0, 20.0)
(14.9, 1.0, 19.4)
(10.5, 1.0, 18.5)
(6.3, 1.0, 17.8)
(1.9, 1.0, 18.1)
(-2.4, 1.0, 18.6)
(-6.3, 1.0, 18.8)
(-10.0, 1.0, 19.4)
(-11.0, 1.0, 19.1)
(-11.0, 1.0, 19.1)
(-11.0, 1.0, 19.1)
(-13.3, 1.0, 18.1)
(-16.7, 1.0, 14.9)
(-18.6, 1.0, 10.5)
(-18.5, 1.0, 5.7)
(-14.5, 1.0, 3.4)
(-10.1, 1.0, 2.9)
(-5.6, 1.0, 2.6)
(-1.3, 1.0, 2.1)
(3.1, 1.0, 2.7)
(5.4, 1.0, 2.9)
(9.2, 1.0, 1.8)
(13.0, 1.0, 0.6)
(16.5, 1.0, -0.7)
(17.3, 1.0, -1.5)
(17.9, 1.0, -1.1)
(18.0, 1.0, -1.1)
(18.0, 1.0, -1.1)
(18.0, 1.0, -1.1)
(18.0, 1.0, -1.1)
(19.5, 1.0, -2.8)
(17.8, 1.0, -3.8)
(13.3, 1.0, -5.7)
(14.3, 1.0, -4.8)
(17.6, 1.0, -2.5)
(17.6, 1.0, -2.5)
(17.6, 1.0, -2.5)
(17.6, 1.0, -2.5)
(17.6, 1.0, -2.5)
(17.6, 1.0, -2.5)
(15.8, 1.0, -3.8)
(12.2, 1.0, -7.3)
(9.5, 1.0, -11.3)
(7.7, 1.0, -15.9)
(8.4, 1.0, -19.9)
(7.5, 1.0, -22.3)
(10.2, 1.0, -21.7)
(10.8, 1.0, -17.7)
(7.2, 1.0, -20.1)
(19.4, 1.0, 20.0)
(19.4, 1.0, 20.0)
(19.4, 1.0, 20.0)
(19.4, 1.0, 20.0)
(19.4, 1.0, 20.0)
(19.4, 1.0, 20.0)
(19.4, 1.0, 20.0)
(19.4, 1.0, 20.0)
(19.4, 1.0, 20.0)
(19.4, 1.0, 20.0)
(19.4, 1.0, 20.0)
(19.4, 1.0, 20.0)
(19.4, 1.0, 20.0)
(19.4, 1.0, 20.0)
(19.4, 1.0, 20.0)
(19.4, 1.0, 20.0)
(19.4, 1.0, 20.0)
(19.4, 1.0, 20.0)
(19.4, 1.0, 20.0)
(19.4, 1.0, 20.0)
(19.4, 1.0, 20.0)
(19.4, 1.0, 20.0)
(19.4, 1.0, 20.0)
(19.4, 1.0, 20.0)
(19.4, 1.0, 20.0)
(17.6, 1.0, 19.9)
(15.3, 1.0, 20.0)
(13.0, 1.0, 20.6)
(9.8, 1.0, 20.8)
(6.6, 1.0, 20.7)
(3.4, 1.0, 20.7)
(0.5, 1.0, 20.7)
(-2.2, 1.0, 20.8)
(-4.9, 1.0, 20.8)
(-7.5, 1.0, 20.8)
(-10.0, 1.0, 20.7)
(-10.2, 1.0, 20.7)
(-10.5, 1.0, 20.5)
(-10.5, 1.0, 20.5)
(-10.5, 1.0, 20.5)
(-10.5, 1.0, 20.5)
(-10.5, 1.0, 20.5)
(-10.5, 1.0, 20.5)
(-10.5, 1.0, 20.5)
(-11.9, 1.0, 20.3)
(-12.1, 1.0, 20.1)
(-16.5, 1.0, 17.8)
(-16.9, 1.0, 17.6)
(-13.0, 1.0, 19.6)
(-12.9, 1.0, 19.7)
(-15.1, 1.0, 18.5)
(-15.1, 1.0, 18.5)
(-15.1, 1.0, 18.5)
(-16.2, 1.0, 17.8)
(-16.2, 1.0, 17.8)
(-16.2, 1.0, 17.8)
(-16.2, 1.0, 17.8)
(-16.2, 1.0, 17.8)
(-16.2, 1.0, 17.8)
(-16.2, 1.0, 17.8)
(-14.8, 1.0, 18.5)
(-11.5, 1.0, 20.0)
(-11.3, 1.0, 20.1)
(-11.3, 1.0, 20.1)
(-11.3, 1.0, 20.1)
(-11.7, 1.0, 19.9)
(-16.1, 1.0, 17.9)
(-16.3, 1.0, 17.8)
(-16.3, 1.0, 17.8)
(-13.1, 1.0, 19.3)
(-12.4, 1.0, 19.5)
(-9.9, 1.0, 20.2)
(-9.9, 1.0, 20.2)
(-12.0, 1.0, 20.5)
(-12.6, 1.0, 20.5)
(-11.3, 1.0, 21.1)
(-15.8, 1.0, 19.6)
(-14.1, 1.0, 20.2)
(-10.7, 1.0, 21.4)
(-14.5, 1.0, 19.8)
(-18.0, 1.0, 16.8)
(-18.4, 1.0, 15.3)
(19.4, 1.0, 20.0)
(19.4, 1.0, 20.0)
(19.4, 1.0, 20.0)
(19.4, 1.0, 20.0)
(19.4, 1.0, 20.0)
(19.4, 1.0, 20.0)
(19.4, 1.0, 20.0)
(19.4, 1.0, 20.0)
(19.4, 1.0, 20.0)
(19.4, 1.0, 20.0)
(19.4, 1.0, 20.0)
(19.4, 1.0, 20.0)
(17.0, 1.0, 20.0)
(15.3, 1.0, 20.0)
(13.1, 1.0, 20.9)
(13.2, 1.0, 20.9)
(17.1, 1.0, 19.8)
(17.7, 1.0, 19.6)
(18.2, 1.0, 19.5)
(19.8, 1.0, 19.0)
(17.9, 1.0, 19.2)
(18.3, 1.0, 19.2)
(18.3, 1.0, 19.2)
(18.3, 1.0, 19.2)
(19.4, 1.0, 20.0)
(19.4, 1.0, 20.0)
(19.4, 1.0, 20.0)
(19.4, 1.0, 20.0)
(19.4, 1.0, 20.0)
(19.4, 1.0, 20.0)
(19.4, 1.0, 20.0)
(19.4, 1.0, 20.0)
(19.4, 1.0, 20.0)
(19.4, 1.0, 20.0)
(19.4, 1.0, 20.0)
(19.4, 1.0, 20.0)
(19.4, 1.0, 20.0)
(19.4, 1.0, 20.0)
(19.4, 1.0, 20.0)
(19.4, 1.0, 20.0)
(19.2, 1.0, 20.0)
(19.2, 1.0, 20.0)
(19.4, 1.0, 20.0)
(19.4, 1.0, 20.0)
(19.4, 1.0, 20.0)
(19.4, 1.0, 20.0)
(19.4, 1.0, 20.0)
(19.4, 1.0, 20.0)
(19.4, 1.0, 20.0)
(19.4, 1.0, 20.0)
(19.4, 1.0, 20.0)
(19.4, 1.0, 20.0)
(19.4, 1.0, 20.0)
(19.4, 1.0, 20.0)
(19.4, 1.0, 20.0)
(19.4, 1.0, 20.0)
(19.4, 1.0, 20.0)
(19.4, 1.0, 20.0)
(19.4, 1.0, 20.0)
(19.4, 1.0, 20.0)
(19.4, 1.0, 20.0)
(19.4, 1.0, 20.0)
(19.4, 1.0, 20.0)
(19.4, 1.0, 20.0)
(19.4, 1.0, 20.0)
(19.4, 1.0, 20.0)
(19.4, 1.0, 20.0)
(19.4, 1.0, 20.0)
(19.4, 1.0, 20.0)
(19.4, 1.0, 20.0)
(14.8, 1.0, 20.0)
(18.8, 1.0, 20.0)
(18.5, 1.0, 20.0)
(15.9, 1.0, 20.0)
(17.8, 1.0, 20.0)
(16.1, 1.0, 20.0)
(16.3, 1.0, 20.0)
(14.7, 1.0, 20.0)
(14.8, 1.0, 20.0)
(19.4, 1.0, 19.7)
(21.3, 1.0, 18.8)
(17.2, 1.0, 19.5)
(12.8, 1.0, 20.9)
(15.7, 1.0, 20.0)
(19.6, 1.0, 19.5)
(19.5, 1.0, 19.3)
(19.5, 1.0, 19.3)
(19.5, 1.0, 19.3)
(19.5, 1.0, 19.3)
(19.5, 1.0, 19.3)
(19.5, 1.0, 19.3)
(19.4, 1.0, 20.0)
(19.4, 1.0, 20.0)
(19.4, 1.0, 20.0)
(19.4, 1.0, 20.0)
(19.4, 1.0, 20.0)
(19.4, 1.0, 20.0)
(19.4, 1.0, 20.0)
(19.4, 1.0, 20.0)
(19.4, 1.0, 20.0)
(19.4, 1.0, 20.0)
(19.4, 1.0, 20.0)
(19.4, 1.0, 20.0)
(19.4, 1.0, 20.0)
(19.4, 1.0, 20.0)
(19.4, 1.0, 20.0)
(19.4, 1.0, 20.0)
(19.4, 1.0, 20.0)
(19.4, 1.0, 20.0)
(19.4, 1.0, 20.0)
(19.4, 1.0, 20.0)
(19.4, 1.0, 20.0)
(19.4, 1.0, 20.0)
(19.4, 1.0, 20.0)
(19.4, 1.0, 20.0)
(19.4, 1.0, 20.0)
(19.4, 1.0, 20.0)
(19.4, 1.0, 20.0)
(19.4, 1.0, 20.0)
(19.4, 1.0, 20.0)
(19.4, 1.0, 20.0)
(19.4, 1.0, 20.0)
(19.4, 1.0, 20.0)
(19.4, 1.0, 20.0)
(19.4, 1.0, 20.0)
(19.4, 1.0, 20.0)
(19.4, 1.0, 20.0)
(19.4, 1.0, 20.0)
(19.4, 1.0, 20.0)
(19.4, 1.0, 20.0)
(19.4, 1.0, 20.0)
(19.4, 1.0, 20.0)
(19.4, 1.0, 20.0)
(19.4, 1.0, 20.0)
(19.4, 1.0, 20.0)
(19.4, 1.0, 20.0)
(19.4, 1.0, 20.0)
(19.4, 1.0, 20.0)
(19.4, 1.0, 20.0)
(19.4, 1.0, 20.0)
(19.4, 1.0, 20.0)
(19.4, 1.0, 20.0)
(19.4, 1.0, 20.0)
(19.4, 1.0, 20.0)
(19.4, 1.0, 20.0)
(19.4, 1.0, 20.0)
(19.4, 1.0, 20.0)
(19.4, 1.0, 20.0)
(19.4, 1.0, 20.0)
(19.4, 1.0, 20.0)
(19.4, 1.0, 20.0)
(19.4, 1.0, 20.0)
(19.4, 1.0, 20.0)
(19.4, 1.0, 20.0)
(19.4, 1.0, 20.0)
(19.4, 1.0, 20.0)
(19.4, 1.0, 20.0)
(19.4, 1.0, 20.0)
(19.4, 1.0, 20.0)
(19.4, 1.0, 20.0)
(19.4, 1.0, 20.0)
(19.4, 1.0, 20.0)
(19.4, 1.0, 20.0)
(19.4, 1.0, 20.0)
(19.4, 1.0, 20.0)
(19.4, 1.0, 20.0)
(17.1, 1.0, 20.0)
(15.1, 1.0, 20.0)
(15.1, 1.0, 20.0)
(15.5, 1.0, 20.0)
(17.9, 1.0, 20.0)
(17.9, 1.0, 20.0)
(17.9, 1.0, 20.0)
(17.9, 1.0, 20.0)
(17.9, 1.0, 20.0)
(17.9, 1.0, 20.0)
(17.9, 1.0, 20.0)
(14.7, 1.0, 19.4)
(10.0, 1.0, 20.1)
(5.4, 1.0, 20.7)
(4.9, 1.0, 20.8)
(4.8, 1.0, 20.8)
(0.9, 1.0, 20.8)
(-3.3, 1.0, 20.9)
(-7.0, 1.0, 20.7)
(-9.1, 1.0, 20.8)
(19.4, 1.0, 20.0)
(19.4, 1.0, 20.0)
(19.4, 1.0, 20.0)
(19.4, 1.0, 20.0)
(19.4, 1.0, 20.0)
(19.4, 1.0, 20.0)
(19.4, 1.0, 20.0)
(19.4, 1.0, 20.0)
(19.4, 1.0, 20.0)
(16.7, 1.0, 20.0)
(13.5, 1.0, 20.0)
(10.2, 1.0, 20.0)
(6.9, 1.0, 20.0)
(3.6, 1.0, 20.0)
(0.6, 1.0, 20.0)
(-2.2, 1.0, 20.0)
(-4.9, 1.0, 19.9)
(-7.6, 1.0, 20.1)
(-10.2, 1.0, 20.3)
(-13.1, 1.0, 19.9)
(-15.4, 1.0, 17.8)
(-17.9, 1.0, 15.5)
(-19.2, 1.0, 12.8)
(-19.1, 1.0, 9.4)
(-18.1, 1.0, 6.6)
(-16.9, 1.0, 4.3)
(-16.8, 1.0, 4.1)
(-14.5, 1.0, 2.9)
(-14.1, 1.0, 2.9)
(-12.0, 1.0, 2.9)
(-9.7, 1.0, 3.1)
(-7.5, 1.0, 3.2)
(-6.1, 1.0, 3.2)
(-5.3, 1.0, 3.2)
(-3.5, 1.0, 3.0)
(-1.8, 1.0, 2.8)
(-0.2, 1.0, 2.6)
(1.0, 1.0, 2.4)
(2.3, 1.0, 2.3)
(3.5, 1.0, 2.1)
(4.5, 1.0, 2.0)
(5.2, 1.0, 1.9)
(6.0, 1.0, 1.8)
(6.7, 1.0, 1.7)
(7.2, 1.0, 1.6)
(7.5, 1.0, 1.6)
(7.7, 1.0, 1.6)
(7.8, 1.0, 1.5)
(19.4, 1.0, 20.0)
(19.4, 1.0, 20.0)
(19.4, 1.0, 20.0)
(19.4, 1.0, 20.0)
(19.4, 1.0, 20.0)
(19.4, 1.0, 20.0)
(19.4, 1.0, 20.0)
(19.4, 1.0, 20.0)
(19.4, 1.0, 20.0)
(19.4, 1.0, 20.0)
(19.1, 1.0, 20.0)
(15.6, 1.0, 19.6)
(12.3, 1.0, 21.1)
(8.6, 1.0, 20.7)
(4.9, 1.0, 19.9)
(1.2, 1.0, 19.2)
(-2.1, 1.0, 18.6)
(-5.4, 1.0, 17.9)
(-8.6, 1.0, 17.3)
(-11.6, 1.0, 16.7)
(-14.8, 1.0, 16.1)
(-17.8, 1.0, 15.2)
(-18.4, 1.0, 12.1)
(19.4, 1.0, 20.0)
(19.4, 1.0, 20.0)
(19.4, 1.0, 20.0)
(19.4, 1.0, 20.0)
(19.4, 1.0, 20.0)
(19.4, 1.0, 20.0)
(19.4, 1.0, 20.0)
(17.5, 1.0, 20.5)
(14.8, 1.0, 20.8)
(12.0, 1.0, 20.9)
(9.4, 1.0, 20.6)
(6.6, 1.0, 20.6)
(3.9, 1.0, 20.7)
(1.7, 1.0, 20.7)
(-0.5, 1.0, 20.6)
(-2.8, 1.0, 20.7)
(-4.9, 1.0, 20.8)
(-6.6, 1.0, 20.7)
(-8.3, 1.0, 20.7)
(-10.4, 1.0, 20.6)
(-10.6, 1.0, 20.6)
(-10.3, 1.0, 20.6)
(-10.3, 1.0, 20.6)
(-10.3, 1.0, 20.6)
(-10.3, 1.0, 20.6)
(-10.3, 1.0, 20.6)
(-10.6, 1.0, 20.5)
(-11.2, 1.0, 20.3)
(-13.5, 1.0, 18.9)
(-13.6, 1.0, 18.9)
(-13.2, 1.0, 19.1)
(-12.6, 1.0, 19.6)
(-12.2, 1.0, 19.9)
(-12.9, 1.0, 19.3)
(-13.6, 1.0, 18.8)
(-14.3, 1.0, 18.1)
(-14.6, 1.0, 17.8)
(19.4, 1.0, 20.0)
(19.4, 1.0, 20.0)
(19.4, 1.0, 20.0)
(19.4, 1.0, 20.0)
(19.4, 1.0, 20.0)
(19.4, 1.0, 20.0)
(19.4, 1.0, 20.0)
(19.4, 1.0, 20.0)
(19.4, 1.0, 20.0)
(19.4, 1.0, 20.0)
(19.4, 1.0, 20.0)
(19.4, 1.0, 20.0)
(19.4, 1.0, 20.0)
(19.4, 1.0, 20.0)
(19.4, 1.0, 20.0)
(19.4, 1.0, 20.0)
(19.4, 1.0, 20.0)
(19.4, 1.0, 20.0)
(19.4, 1.0, 20.0)
(19.4, 1.0, 20.0)
(19.4, 1.0, 20.0)
(19.4, 1.0, 20.0)
(19.4, 1.0, 20.0)
(19.4, 1.0, 20.0)
(19.4, 1.0, 20.0)
(19.4, 1.0, 20.0)
(19.4, 1.0, 20.0)
(19.4, 1.0, 20.0)
(19.4, 1.0, 20.0)
(19.4, 1.0, 20.0)
(19.4, 1.0, 20.0)
(19.4, 1.0, 20.0)
(19.4, 1.0, 20.0)
(36.1, 1.0, -7.7)
(36.1, 1.0, -7.7)
(36.1, 1.0, -7.7)
(36.1, 1.0, -7.7)
(36.1, 1.0, -7.7)
(36.1, 1.0, -7.7)
(36.1, 1.0, -7.7)
(36.1, 1.0, -7.7)
(36.1, 1.0, -7.7)
(36.1, 1.0, -7.7)
(36.1, 1.0, -7.7)
(36.1, 1.0, -7.7)
(36.1, 1.0, -7.7)
(36.1, 1.0, -7.7)
(36.1, 1.0, -7.7)
(36.1, 1.0, -7.7)
(36.1, 1.0, -7.7)
(36.1, 1.0, -7.7)
(36.1, 1.0, -7.7)
(36.1, 1.0, -7.7)
(36.1, 1.0, -7.7)
(36.1, 1.0, -7.7)
(36.1, 1.0, -7.7)
(36.1, 1.0, -7.7)
(36.1, 1.0, -7.7)
(36.1, 1.0, -7.7)
(36.1, 1.0, -7.7)
(36.1, 1.0, -7.7)
(35.6, 1.0, -7.7)
(36.1, 1.0, -7.7)
(36.1, 1.0, -7.7)
(36.1, 1.0, -7.7)
(36.1, 1.0, -7.7)
(36.1, 1.0, -7.7)
(36.1, 1.0, -7.7)
(36.1, 1.0, -7.7)
(35.4, 1.0, -7.5)
(34.3, 1.0, -5.2)
(34.0, 1.0, -3.0)
(35.3, 1.0, -5.5)
(35.6, 1.0, -7.2)
(35.6, 1.0, -7.2)
(35.6, 1.0, -7.2)
(35.6, 1.0, -7.2)
(35.6, 1.0, -7.2)
(35.6, 1.0, -7.2)
(35.6, 1.0, -7.2)
(35.6, 1.0, -7.2)
(35.6, 1.0, -7.2)
(35.6, 1.0, -7.2)
(35.6, 1.0, -7.2)
(35.6, 1.0, -7.2)
(35.6, 1.0, -7.2)
(35.6, 1.0, -7.2)
(35.6, 1.0, -7.2)
(35.6, 1.0, -7.2)
(35.6, 1.0, -7.2)
(35.6, 1.0, -7.2)
(35.6, 1.0, -7.2)
(35.6, 1.0, -7.2)
(35.6, 1.0, -7.2)
(35.6, 1.0, -7.2)
(35.6, 1.0, -7.2)
(35.6, 1.0, -7.2)
(35.6, 1.0, -7.2)
(36.1, 1.0, -7.7)
(36.1, 1.0, -7.7)
(36.1, 1.0, -7.7)
(36.1, 1.0, -7.7)
(36.1, 1.0, -7.7)
(36.1, 1.0, -7.7)
(36.1, 1.0, -7.7)
(36.1, 1.0, -7.7)
(36.1, 1.0, -7.7)
(34.8, 1.0, -8.5)
(34.0, 1.0, -11.6)
(33.7, 1.0, -13.8)
(34.3, 1.0, -10.5)
(34.8, 1.0, -8.5)
(34.8, 1.0, -8.5)
(34.8, 1.0, -8.5)
(34.8, 1.0, -8.5)
(34.8, 1.0, -8.5)
(34.8, 1.0, -8.5)
(34.8, 1.0, -8.5)
(34.8, 1.0, -8.5)
(34.8, 1.0, -8.5)
(34.8, 1.0, -8.5)
(34.8, 1.0, -8.5)
(34.8, 1.0, -8.5)
(34.8, 1.0, -8.5)
(34.8, 1.0, -8.5)
(34.8, 1.0, -8.5)
(34.8, 1.0, -8.5)
(34.8, 1.0, -8.5)
(34.8, 1.0, -8.5)
(34.8, 1.0, -8.5)
(34.8, 1.0, -8.5)
(34.8, 1.0, -8.5)
(34.8, 1.0, -8.5)
(34.8, 1.0, -8.5)
(34.3, 1.0, -11.6)
(34.4, 1.0, -16.5)
(34.0, 1.0, -21.4)
(32.7, 1.0, -26.1)
(32.0, 1.0, -30.8)
(31.6, 1.0, -33.0)
(30.5, 1.0, -37.3)
(29.1, 1.0, -41.5)
(27.6, 1.0, -45.6)
(25.6, 1.0, -48.9)
(22.6, 1.0, -51.3)
(20.4, 1.0, -52.3)
(20.4, 1.0, -52.3)
(18.5, 1.0, -52.3)
(13.9, 1.0, -52.1)
(9.4, 1.0, -52.2)
(4.8, 1.0, -52.3)
(0.5, 1.0, -52.4)
(-3.6, 1.0, -52.8)
(-6.5, 1.0, -51.8)
(-6.5, 1.0, -51.8)
(-6.5, 1.0, -51.8)
(-7.0, 1.0, -50.0)
(-7.8, 1.0, -45.1)
(-7.6, 1.0, -40.2)
(-7.3, 1.0, -35.3)
(-6.5, 1.0, -30.5)
(-4.7, 1.0, -28.4)
(-1.9, 1.0, -25.0)
(1.4, 1.0, -21.2)
(2.6, 1.0, -17.0)
(-1.5, 1.0, -14.2)
(-5.6, 1.0, -11.5)
(-9.6, 1.0, -9.5)
(-11.3, 1.0, -9.1)
(-14.5, 1.0, -12.2)
(-19.3, 1.0, -11.5)
(-24.2, 1.0, -11.6)
(-28.2, 1.0, -14.3)
(-29.2, 1.0, -16.0)
(-27.5, 1.0, -20.6)
(-27.2, 1.0, -25.4)
(-28.1, 1.0, -30.3)
(-30.7, 1.0, -34.4)
(-34.1, 1.0, -35.1)
(-35.4, 1.0, -36.6)
(-39.1, 1.0, -35.9)
(-40.6, 1.0, -32.4)
(36.1, 1.0, -7.7)
(36.1, 1.0, -7.7)
(36.1, 1.0, -7.7)
(36.1, 1.0, -7.7)
(36.1, 1.0, -7.7)
(36.1, 1.0, -7.7)
(36.1, 1.0, -7.7)
(36.1, 1.0, -7.7)
(36.1, 1.0, -7.7)
(36.1, 1.0, -7.7)
(36.1, 1.0, -7.7)
(36.1, 1.0, -7.7)
(36.1, 1.0, -7.7)
(36.1, 1.0, -7.7)
(36.1, 1.0, -7.7)
(36.1, 1.0, -7.7)
(36.1, 1.0, -7.7)
(36.1, 1.0, -7.7)
(36.1, 1.0, -7.7)
(36.1, 1.0, -7.7)
(36.1, 1.0, -7.7)
(36.1, 1.0, -7.7)
(36.1, 1.0, -7.7)
(36.1, 1.0, -7.7)
(36.1, 1.0, -7.7)
(36.1, 1.0, -7.7)
(36.1, 1.0, -7.7)
(36.1, 1.0, -7.7)
(36.1, 1.0, -7.7)
(36.1, 1.0, -7.7)
(36.1, 1.0, -7.7)
(36.1, 1.0, -7.7)
(36.1, 1.0, -7.7)
(34.7, 1.0, -9.1)
(36.0, 1.0, -13.7)
(36.1, 1.0, -18.7)
(35.9, 1.0, -23.5)
(35.3, 1.0, -28.3)
(35.2, 1.0, -30.3)
(35.2, 1.0, -30.3)
(35.2, 1.0, -30.3)
(35.2, 1.0, -30.3)
(35.2, 1.0, -30.3)
(35.2, 1.0, -30.3)
(35.2, 1.0, -30.3)
(35.2, 1.0, -30.3)
(35.2, 1.0, -30.3)
(35.2, 1.0, -30.3)
(35.1, 1.0, -31.4)
(34.3, 1.0, -34.8)
(33.6, 1.0, -37.8)
(32.5, 1.0, -40.5)
(31.0, 1.0, -43.1)
(29.4, 1.0, -45.5)
(27.9, 1.0, -47.7)
(26.2, 1.0, -49.4)
(24.4, 1.0, -50.9)
(22.5, 1.0, -52.1)
(21.8, 1.0, -52.3)
(21.3, 1.0, -51.7)
(19.5, 1.0, -49.4)
(17.7, 1.0, -47.1)
(15.9, 1.0, -44.8)
(14.5, 1.0, -42.5)
(14.3, 1.0, -40.7)
(14.3, 1.0, -40.7)
(14.6, 1.0, -38.3)
(16.4, 1.0, -35.4)
(17.9, 1.0, -32.4)
(19.3, 1.0, -29.4)
(20.3, 1.0, -26.5)
(20.6, 1.0, -25.8)
(21.2, 1.0, -23.9)
(36.1, 1.0, -7.7)
(36.1, 1.0, -7.7)
(36.1, 1.0, -7.7)
(36.1, 1.0, -7.7)
(36.1, 1.0, -7.7)
(36.1, 1.0, -7.7)
(36.1, 1.0, -7.7)
(36.1, 1.0, -7.7)
(35.7, 1.0, -7.8)
(34.0, 1.0, -8.8)
(31.9, 1.0, -11.0)
(30.8, 1.0, -13.6)
(30.8, 1.0, -13.9)
(30.4, 1.0, -14.2)
(27.9, 1.0, -14.2)
(26.8, 1.0, -14.0)
(28.7, 1.0, -15.2)
(31.3, 1.0, -17.3)
(32.5, 1.0, -19.3)
(33.9, 1.0, -21.2)
(36.1, 1.0, -7.7)
(36.1, 1.0, -7.7)
(36.1, 1.0, -7.7)
(36.1, 1.0, -7.7)
(36.1, 1.0, -7.7)
(36.1, 1.0, -7.7)
(36.1, 1.0, -7.7)
(36.1, 1.0, -7.7)
(34.2, 1.0, -7.4)
(32.0, 1.0, -6.9)
(30.7, 1.0, -6.5)
(31.0, 1.0, -6.6)
(33.4, 1.0, -7.9)
(38.1, 1.0, -9.8)
(36.1, 1.0, -7.7)
(36.1, 1.0, -7.7)
(36.1, 1.0, -7.7)
(36.1, 1.0, -7.7)
(36.1, 1.0, -7.7)
(36.1, 1.0, -7.7)
(36.1, 1.0, -7.7)
(36.1, 1.0, -7.7)
(36.1, 1.0, -7.7)
(36.1, 1.0, -7.7)
(36.1, 1.0, -7.7)
(36.1, 1.0, -7.7)
(36.1, 1.0, -7.7)
(36.1, 1.0, -7.7)
(36.1, 1.0, -7.7)
(36.1, 1.0, -7.7)
(36.1, 1.0, -7.7)
(36.1, 1.0, -7.7)
(36.1, 1.0, -7.7)
(36.1, 1.0, -7.7)
(36.1, 1.0, -7.7)
(36.1, 1.0, -7.7)
(36.1, 1.0, -7.7)
(36.1, 1.0, -7.7)
(36.1, 1.0, -7.7)
(36.1, 1.0, -7.7)
(36.1, 1.0, -7.7)
(36.1, 1.0, -7.7)
(36.1, 1.0, -7.7)
(36.2, 1.0, -7.6)
(36.2, 1.0, -5.2)
(35.8, 1.0, -1.9)
(35.9, 1.0, 1.6)
(36.0, 1.0, 5.0)
(39.2, 1.0, 7.4)
(38.6, 1.0, 7.8)
(36.6, 1.0, 9.0)
(37.0, 1.0, 11.4)
(36.7, 1.0, 13.0)
(36.1, 1.0, -7.7)
(36.1, 1.0, -7.7)
(36.1, 1.0, -7.7)
(36.1, 1.0, -7.7)
(36.1, 1.0, -7.7)
(36.1, 1.0, -7.7)
(36.1, 1.0, -7.7)
(36.1, 1.0, -7.7)
(36.5, 1.0, -8.9)
(36.2, 1.0, -11.7)
(36.1, 1.0, -14.6)
(36.1, 1.0, -17.7)
(36.1, 1.0, -20.7)
(35.6, 1.0, -23.6)
(33.9, 1.0, -26.2)
(32.9, 1.0, -27.8)
(32.8, 1.0, -28.4)
(33.3, 1.0, -28.6)
(32.2, 1.0, -28.2)
(31.0, 1.0, -27.0)
(30.8, 1.0, -26.6)
(30.6, 1.0, -28.7)
(30.5, 1.0, -30.3)
(30.2, 1.0, -31.5)
(30.0, 1.0, -33.2)
(30.0, 1.0, -34.7)
(36.1, 1.0, -7.7)
(36.1, 1.0, -7.7)
(36.1, 1.0, -7.7)
(36.1, 1.0, -7.7)
(36.1, 1.0, -7.7)
(36.1, 1.0, -7.7)
(36.1, 1.0, -7.7)
(36.1, 1.0, -7.7)
(36.1, 1.0, -7.7)
(37.0, 1.0, -5.5)
(37.8, 1.0, -2.9)
(37.9, 1.0, 0.0)
(36.5, 1.0, 1.9)
(36.3, 1.0, 4.9)
(36.5, 1.0, 7.0)
(36.9, 1.0, 6.5)
(35.8, 1.0, 4.6)
(34.6, 1.0, 4.5)
(34.2, 1.0, 4.7)
(34.8, 1.0, 4.8)
(36.3, 1.0, 6.9)
(35.7, 1.0, 8.6)
(36.3, 1.0, 8.7)
(37.6, 1.0, 10.1)
(37.8, 1.0, 11.8)
(37.6, 1.0, 13.2)
(37.2, 1.0, 14.2)
(37.0, 1.0, 14.6)
(37.1, 1.0, 14.5)
(36.1, 1.0, -7.7)
(36.1, 1.0, -7.7)
(36.1, 1.0, -7.7)
(36.1, 1.0, -7.7)
(36.1, 1.0, -7.7)
(36.1, 1.0, -7.7)
(36.1, 1.0, -7.7)
(36.1, 1.0, -7.7)
(36.1, 1.0, -7.7)
(36.0, 1.0, -7.7)
(35.7, 1.0, -7.6)
(37.6, 1.0, -5.4)
(38.1, 1.0, -1.8)
(38.3, 1.0, -0.4)
(37.4, 1.0, 3.1)
(39.0, 1.0, 5.7)
(37.9, 1.0, 7.8)
(39.2, 1.0, 9.3)
(39.2, 1.0, 8.7)
(37.7, 1.0, 7.5)
(37.9, 1.0, 7.1)
(38.8, 1.0, 5.2)
(38.1, 1.0, 3.0)
(37.9, 1.0, 2.5)
(37.2, 1.0, 3.2)
(36.9, 1.0, 3.8)
(38.6, 1.0, 5.1)
(38.6, 1.0, 5.5)
(39.0, 1.0, 5.2)
(39.2, 1.0, 5.1)
(39.2, 1.0, 5.6)
(39.1, 1.0, 7.2)
(38.8, 1.0, 8.5)
(38.8, 1.0, 8.6)
(39.2, 1.0, 8.6)
(39.2, 1.0, 8.8)
(39.2, 1.0, 9.2)
(39.2, 1.0, 8.8)
(36.1, 1.0, -7.7)
(36.1, 1.0, -7.7)
(36.1, 1.0, -7.7)
(36.1, 1.0, -7.7)
(36.1, 1.0, -7.7)
(36.1, 1.0, -7.7)
(36.1, 1.0, -7.7)
(36.1, 1.0, -7.7)
(37.3, 1.0, -7.7)
(36.3, 1.0, -9.4)
(35.1, 1.0, -9.5)
(35.6, 1.0, -9.5)
(36.2, 1.0, -9.6)
(37.2, 1.0, -11.5)
(37.0, 1.0, -11.4)
(37.9, 1.0, -12.5)
(36.1, 1.0, -7.7)
(36.1, 1.0, -7.7)
(36.1, 1.0, -7.7)
(36.1, 1.0, -7.7)
(36.1, 1.0, -7.7)
(36.1, 1.0, -7.7)
(36.1, 1.0, -7.7)
(36.1, 1.0, -7.7)
(36.1, 1.0, -7.7)
(34.4, 1.0, -7.9)
(33.0, 1.0, -10.8)
(32.4, 1.0, -14.2)
(32.0, 1.0, -17.6)
(31.8, 1.0, -21.1)
(31.9, 1.0, -24.5)
(32.1, 1.0, -27.6)
(32.0, 1.0, -30.5)
(31.9, 1.0, -33.5)
(31.7, 1.0, -36.4)
(31.0, 1.0, -38.8)
(30.0, 1.0, -41.0)
(28.7, 1.0, -43.1)
(27.4, 1.0, -45.2)
(26.3, 1.0, -46.8)
(25.1, 1.0, -48.3)
(23.8, 1.0, -49.7)
(22.5, 1.0, -51.0)
(21.6, 1.0, -51.6)
(20.1, 1.0, -51.9)
(18.7, 1.0, -50.9)
(17.1, 1.0, -49.2)
(15.8, 1.0, -47.2)
(14.5, 1.0, -45.2)
(13.6, 1.0, -43.4)
(13.0, 1.0, -41.4)
(13.3, 1.0, -39.5)
(14.2, 1.0, -37.6)
(15.4, 1.0, -35.2)
(16.7, 1.0, -32.8)
(17.9, 1.0, -30.4)
(18.9, 1.0, -28.2)
(19.9, 1.0, -26.0)
(20.6, 1.0, -24.3)
(21.1, 1.0, -21.3)
(20.7, 1.0, -18.4)
(19.7, 1.0, -15.6)
(17.0, 1.0, -14.4)
(16.6, 1.0, -11.7)
(16.6, 1.0, -9.2)
(16.9, 1.0, -6.6)
(17.4, 1.0, -4.2)
(18.3, 1.0, -2.1)
(18.7, 1.0, -0.1)
(18.7, 1.0, -0.1)
(18.7, 1.0, -0.1)
(18.7, 1.0, -0.1)
(18.7, 1.0, -0.1)
(18.7, 1.0, -0.1)
(18.7, 1.0, -0.1)
(18.7, 1.0, -0.1)
(14.4, 1.0, 0.0)
(9.6, 1.0, -0.5)
(5.0, 1.0, -2.3)
(1.0, 1.0, -5.0)
(-3.4, 1.0, -7.3)
(-7.7, 1.0, -8.2)
(-10.1, 1.0, -8.7)
(-10.1, 1.0, -8.7)
(-10.1, 1.0, -8.7)
(-10.1, 1.0, -8.7)
(-10.1, 1.0, -8.7)
(-13.5, 1.0, -9.5)
(-18.4, 1.0, -10.3)
(-23.1, 1.0, -11.4)
(-27.6, 1.0, -13.5)
(-29.4, 1.0, -17.7)
(-27.8, 1.0, -22.4)
(-28.4, 1.0, -27.3)
(-29.4, 1.0, -32.1)
(-32.1, 1.0, -36.2)
(-36.5, 1.0, -36.0)
(-37.8, 1.0, -31.9)
(-38.4, 1.0, -27.5)
(-39.3, 1.0, -23.2)
(-40.2, 1.0, -19.2)
(-41.4, 1.0, -15.5)
(-43.2, 1.0, -12.0)
(-46.0, 1.0, -9.3)
(-49.3, 1.0, -9.6)
(-52.5, 1.0, -8.9)
(-54.8, 1.0, -8.4)
(-54.8, 1.0, -8.4)
(-55.0, 1.0, -7.4)
(-55.0, 1.0, -7.4)
(-54.5, 1.0, -11.3)
(-53.8, 1.0, -16.1)
(-53.2, 1.0, -21.0)
(-52.6, 1.0, -25.7)
(-51.9, 1.0, -30.6)
(-51.8, 1.0, -35.0)
(-51.6, 1.0, -39.4)
(-51.6, 1.0, -43.7)
(-52.0, 1.0, -48.1)
(-52.9, 1.0, -51.8)
(-54.5, 1.0, -55.3)
(-54.6, 1.0, -55.7)
(36.1, 1.0, -7.7)
(36.1, 1.0, -7.7)
(36.1, 1.0, -7.7)
(36.1, 1.0, -7.7)
(36.1, 1.0, -7.7)
(36.1, 1.0, -7.7)
(36.1, 1.0, -7.7)
(34.4, 1.0, -7.8)
(33.4, 1.0, -8.2)
(36.1, 1.0, -7.7)
(36.1, 1.0, -7.7)
(36.1, 1.0, -7.7)
(36.1, 1.0, -7.7)
(36.1, 1.0, -7.7)
(36.1, 1.0, -7.7)
(36.1, 1.0, -7.7)
(36.1, 1.0, -7.7)
(36.1, 1.0, -7.7)
(36.1, 1.0, -7.7)
(36.1, 1.0, -7.7)
(36.1, 1.0, -7.7)
(36.1, 1.0, -7.7)
(36.1, 1.0, -7.7)
(36.1, 1.0, -7.7)
(36.1, 1.0, -7.7)
(36.1, 1.0, -7.7)
(36.1, 1.0, -7.7)
(36.1, 1.0, -7.7)
(36.1, 1.0, -7.7)
(36.1, 1.0, -7.7)
(36.1, 1.0, -7.7)
(36.1, 1.0, -7.7)
(36.1, 1.0, -7.7)
(36.1, 1.0, -7.7)
(36.1, 1.0, -7.7)
(36.1, 1.0, -7.7)
(34.8, 1.0, -7.7)
(32.7, 1.0, -9.0)
(31.3, 1.0, -11.5)
(32.1, 1.0, -14.3)
(32.2, 1.0, -17.2)
(32.1, 1.0, -20.1)
(32.0, 1.0, -22.7)
(31.5, 1.0, -25.0)
(31.3, 1.0, -27.5)
(31.5, 1.0, -29.8)
(36.1, 1.0, -7.7)
(36.1, 1.0, -7.7)
(36.1, 1.0, -7.7)
(36.1, 1.0, -7.7)
(36.1, 1.0, -7.7)
(36.1, 1.0, -7.7)
(36.1, 1.0, -7.7)
(34.1, 1.0, -8.0)
(32.4, 1.0, -9.9)
(32.1, 1.0, -12.8)
(32.4, 1.0, -15.6)
(32.3, 1.0, -18.5)
(32.1, 1.0, -20.9)
(32.0, 1.0, -21.3)
(31.9, 1.0, -21.9)
(31.9, 1.0, -21.9)
(31.9, 1.0, -21.9)
(36.1, 1.0, -7.7)
(36.1, 1.0, -7.7)
(36.1, 1.0, -7.7)
(36.1, 1.0, -7.7)
(36.1, 1.0, -7.7)
(36.1, 1.0, -7.7)
(36.1, 1.0, -7.7)
(36.1, 1.0, -7.7)
(36.1, 1.0, -7.7)
(36.1, 1.0, -7.7)
(36.1, 1.0, -7.7)
(36.1, 1.0, -7.7)
(36.1, 1.0, -7.7)
(36.1, 1.0, -7.7)
(36.1, 1.0, -7.7)
(36.1, 1.0, -7.7)
(36.1, 1.0, -7.7)
(36.1, 1.0, -7.7)
(36.1, 1.0, -7.7)
(36.1, 1.0, -7.7)
(36.1, 1.0, -7.7)
(36.1, 1.0, -7.7)
(36.1, 1.0, -7.7)
(36.1, 1.0, -7.7)
(36.1, 1.0, -7.7)
(36.1, 1.0, -7.7)
(36.1, 1.0, -7.7)
(36.1, 1.0, -7.7)
(36.1, 1.0, -7.7)
(33.3, 1.0, -7.7)
(33.3, 1.0, -7.7)
(33.3, 1.0, -7.7)
(33.3, 1.0, -7.7)
(33.3, 1.0, -7.7)
(33.3, 1.0, -7.7)
(33.3, 1.0, -7.7)
(33.3, 1.0, -7.7)
(33.3, 1.0, -7.7)
(33.3, 1.0, -7.7)
(33.3, 1.0, -7.7)
(33.3, 1.0, -7.7)
(33.3, 1.0, -7.7)
(33.3, 1.0, -7.7)
(33.3, 1.0, -7.7)
(33.3, 1.0, -7.7)
(33.3, 1.0, -7.7)
(33.3, 1.0, -7.7)
(33.3, 1.0, -7.7)
(33.3, 1.0, -7.7)
(33.3, 1.0, -7.7)
(33.3, 1.0, -7.7)
(33.3, 1.0, -7.7)
(33.3, 1.0, -7.7)
(33.3, 1.0, -7.7)
(33.3, 1.0, -7.7)
(33.3, 1.0, -7.7)
(33.3, 1.0, -7.7)
(33.3, 1.0, -7.7)
(33.3, 1.0, -7.7)
(33.3, 1.0, -7.7)
(33.3, 1.0, -7.7)
(33.3, 1.0, -7.7)
(33.3, 1.0, -7.7)
(33.3, 1.0, -7.7)
(33.3, 1.0, -7.7)
(33.3, 1.0, -7.7)
(33.3, 1.0, -7.7)
(33.3, 1.0, -7.7)
(33.3, 1.0, -7.7)
(33.3, 1.0, -7.7)
(33.3, 1.0, -7.7)
(33.3, 1.0, -7.7)
(33.3, 1.0, -7.7)
(33.3, 1.0, -7.7)
(33.3, 1.0, -7.7)
(33.3, 1.0, -7.7)
(33.3, 1.0, -7.7)
(33.3, 1.0, -7.7)
(33.3, 1.0, -7.7)
(33.3, 1.0, -7.7)
(33.3, 1.0, -7.7)
(33.3, 1.0, -7.7)
(33.3, 1.0, -7.7)
(33.3, 1.0, -7.7)
(33.3, 1.0, -7.7)
(33.3, 1.0, -7.7)
(33.3, 1.0, -7.7)
(33.3, 1.0, -7.7)
(33.3, 1.0, -7.7)
(33.3, 1.0, -7.7)
(33.3, 1.0, -7.7)
(33.3, 1.0, -7.7)
(33.3, 1.0, -7.7)
(33.3, 1.0, -7.7)
(33.3, 1.0, -7.7)
(33.3, 1.0, -7.7)
(33.3, 1.0, -7.7)
(33.3, 1.0, -7.7)
(33.3, 1.0, -7.7)
(33.3, 1.0, -7.7)
(33.3, 1.0, -7.7)
(33.3, 1.0, -7.7)
(33.3, 1.0, -7.7)
(33.3, 1.0, -7.7)
(33.3, 1.0, -7.7)
(33.3, 1.0, -7.7)
(33.3, 1.0, -7.7)
(33.3, 1.0, -7.7)
(33.3, 1.0, -7.7)
(33.3, 1.0, -7.7)
(33.3, 1.0, -7.7)
(33.3, 1.0, -7.7)
(33.3, 1.0, -7.7)
(33.3, 1.0, -7.7)
(33.3, 1.0, -7.7)
(33.3, 1.0, -7.7)
(33.3, 1.0, -7.7)
(34.6, 1.0, -7.7)
(35.7, 1.0, -7.7)
(35.7, 1.0, -7.7)
(35.5, 1.0, -7.7)
(34.3, 1.0, -11.1)
(34.6, 1.0, -15.6)
(34.6, 1.0, -20.0)
(33.5, 1.0, -24.3)
(32.8, 1.0, -28.7)
(31.8, 1.0, -32.6)
(30.7, 1.0, -36.4)
(29.4, 1.0, -40.2)
(27.0, 1.0, -43.2)
(24.7, 1.0, -45.9)
(23.6, 1.0, -49.1)
(21.7, 1.0, -51.9)
(20.1, 1.0, -52.6)
(20.1, 1.0, -52.6)
(20.1, 1.0, -52.4)
(18.6, 1.0, -48.9)
(16.0, 1.0, -45.7)
(13.8, 1.0, -42.6)
(13.5, 1.0, -38.9)
(15.4, 1.0, -35.3)
(17.4, 1.0, -31.5)
(19.3, 1.0, -27.8)
(21.0, 1.0, -23.9)
(21.0, 1.0, -19.5)
(18.3, 1.0, -15.8)
(14.3, 1.0, -14.2)
(13.3, 1.0, -9.6)
(11.6, 1.0, -5.5)
(8.9, 1.0, -2.7)
(5.9, 1.0, -5.0)
(2.9, 1.0, -7.9)
(-0.9, 1.0, -8.9)
(-4.5, 1.0, -9.2)
(-8.2, 1.0, -9.2)
(-10.8, 1.0, -9.1)
(-10.8, 1.0, -9.1)
(-13.3, 1.0, -9.1)
(-13.1, 1.0, -9.1)
(-16.8, 1.0, -10.1)
(-21.4, 1.0, -11.8)
(-26.1, 1.0, -13.2)
(-29.7, 1.0, -15.4)
(-29.5, 1.0, -16.3)
(-28.9, 1.0, -21.2)
(-28.9, 1.0, -26.1)
(-29.0, 1.0, -31.1)
(-31.2, 1.0, -34.8)
(-35.9, 1.0, -36.0)
(-38.2, 1.0, -32.6)
(-37.8, 1.0, -28.5)
(-38.6, 1.0, -24.6)
(-40.1, 1.0, -20.5)
(-41.3, 1.0, -16.8)
(-42.7, 1.0, -13.2)
(-45.5, 1.0, -10.7)
(-46.0, 1.0, -10.2)
(-48.1, 1.0, -8.2)
(-50.4, 1.0, -10.0)
(-53.2, 1.0, -11.2)
(-54.6, 1.0, -9.4)
(-55.7, 1.0, -8.5)
(-55.7, 1.0, -8.5)
(-55.3, 1.0, -9.9)
(-55.7, 1.0, -7.3)
(33.3, 1.0, -7.7)
(33.3, 1.0, -7.7)
(33.3, 1.0, -7.7)
(33.3, 1.0, -7.7)
(33.3, 1.0, -7.7)
(33.3, 1.0, -7.7)
(33.3, 1.0, -7.7)
(33.3, 1.0, -7.7)
(33.2, 1.0, -7.5)
(33.8, 1.0, -4.8)
(34.2, 1.0, -2.2)
(33.8, 1.0, -1.8)
(33.4, 1.0, 1.2)
(33.6, 1.0, 4.5)
(33.7, 1.0, 7.5)
(33.8, 1.0, 10.2)
(33.7, 1.0, 12.9)
(33.5, 1.0, 15.6)
(33.3, 1.0, 18.0)
(32.8, 1.0, 20.2)
(32.2, 1.0, 22.3)
(31.4, 1.0, 24.4)
(30.7, 1.0, 26.1)
(29.5, 1.0, 27.4)
(28.0, 1.0, 28.2)
(26.3, 1.0, 28.5)
(25.0, 1.0, 28.5)
(23.8, 1.0, 28.4)
(22.6, 1.0, 28.3)
(21.4, 1.0, 28.3)
(20.6, 1.0, 28.2)
(19.8, 1.0, 28.2)
(19.1, 1.0, 28.2)
(18.4, 1.0, 28.2)
(18.1, 1.0, 28.2)
(17.9, 1.0, 28.2)
(17.8, 1.0, 28.2)
(17.4, 1.0, 28.2)
(16.6, 1.0, 28.2)
(15.9, 1.0, 28.0)
(15.9, 1.0, 28.0)
(15.9, 1.0, 28.0)
(15.9, 1.0, 28.0)
(15.9, 1.0, 28.0)
(15.9, 1.0, 28.0)
(16.6, 1.0, 26.8)
(16.4, 1.0, 26.4)
(17.6, 1.0, 24.9)
(19.5, 1.0, 21.8)
(20.9, 1.0, 18.3)
(21.8, 1.0, 14.6)
(21.3, 1.0, 11.3)
(18.2, 1.0, 10.6)
(15.0, 1.0, 10.5)
(11.7, 1.0, 10.6)
(8.6, 1.0, 10.9)
(6.2, 1.0, 12.1)
(4.2, 1.0, 13.7)
(3.2, 1.0, 16.1)
(3.2, 1.0, 18.7)
(3.0, 1.0, 20.9)
(2.9, 1.0, 23.1)
(2.7, 1.0, 25.3)
(2.6, 1.0, 27.4)
(2.5, 1.0, 29.1)
(2.3, 1.0, 30.8)
(2.1, 1.0, 32.4)
(2.0, 1.0, 32.7)
(2.1, 1.0, 32.8)
(2.2, 1.0, 33.1)
(2.2, 1.0, 33.1)
(2.2, 1.0, 33.1)
(2.2, 1.0, 33.1)
(2.2, 1.0, 33.1)
(2.2, 1.0, 33.1)
(2.2, 1.0, 33.1)
(2.0, 1.0, 32.0)
(1.5, 1.0, 27.2)
(1.8, 1.0, 22.4)
(0.3, 1.0, 18.1)
(-2.5, 1.0, 14.1)
(-6.6, 1.0, 13.2)
(-9.9, 1.0, 15.9)
(-14.0, 1.0, 16.9)
(-18.4, 1.0, 17.3)
(-22.2, 1.0, 17.7)
(-26.0, 1.0, 17.9)
(-29.8, 1.0, 18.0)
(-33.5, 1.0, 18.3)
(-33.8, 1.0, 18.5)
(-33.8, 1.0, 18.5)
(-35.2, 1.0, 20.9)
(-36.6, 1.0, 25.2)
(-39.9, 1.0, 28.0)
(-43.4, 1.0, 30.9)
(-47.0, 1.0, 33.4)
(-50.7, 1.0, 35.1)
(-53.8, 1.0, 35.6)
(-53.8, 1.0, 35.6)
(-54.2, 1.0, 33.3)
(-53.2, 1.0, 28.5)
(-53.3, 1.0, 23.7)
(-53.5, 1.0, 18.8)
(-54.0, 1.0, 14.0)
(-54.5, 1.0, 9.4)
(-55.0, 1.0, 5.1)
(-55.2, 1.0, 0.7)
(-55.6, 1.0, -3.5)
(-55.8, 1.0, -7.7)
(-55.9, 1.0, -12.1)
(-55.9, 1.0, -16.6)
(-55.8, 1.0, -21.2)
(-55.6, 1.0, -25.7)
(-55.2, 1.0, -30.2)
(-55.0, 1.0, -34.2)
(-54.6, 1.0, -38.2)
(-54.0, 1.0, -42.2)
(-53.9, 1.0, -46.2)
(-54.2, 1.0, -49.7)
(-54.6, 1.0, -53.2)
(-54.8, 1.0, -54.5)
(33.3, 1.0, -7.7)
(33.3, 1.0, -7.7)
(33.3, 1.0, -7.7)
(33.3, 1.0, -7.7)
(33.3, 1.0, -7.7)
(33.3, 1.0, -7.7)
(33.3, 1.0, -7.7)
(33.3, 1.0, -7.7)
(33.3, 1.0, -7.7)
(33.3, 1.0, -7.7)
(33.3, 1.0, -7.7)
(34.4, 1.0, -8.1)
(34.4, 1.0, -8.1)
(34.4, 1.0, -8.1)
(34.4, 1.0, -8.1)
(34.4, 1.0, -8.1)
(34.3, 1.0, -6.4)
(34.3, 1.0, -1.5)
(34.2, 1.0, 3.4)
(34.0, 1.0, 8.3)
(33.7, 1.0, 13.3)
(33.3, 1.0, -7.7)
(33.3, 1.0, -7.7)
(33.3, 1.0, -7.7)
(33.3, 1.0, -7.7)
(33.3, 1.0, -7.7)
(33.3, 1.0, -7.7)
(33.3, 1.0, -7.7)
(33.3, 1.0, -7.7)
(33.3, 1.0, -7.7)
(33.3, 1.0, -7.7)
(33.3, 1.0, -7.7)
(33.3, 1.0, -7.7)
(33.3, 1.0, -7.7)
(33.3, 1.0, -7.7)
(33.3, 1.0, -7.7)
(33.3, 1.0, -7.7)
(33.3, 1.0, -7.7)
(33.3, 1.0, -7.7)
(33.3, 1.0, -7.7)
