(33.3, 1.0, -7.7)
(33.3, 1.0, -7.7)
(33.3, 1.0, -7.7)
(33.3, 1.0, -7.7)
(33.3, 1.0, -7.7)
(33.3, 1.0, -7.7)
(33.3, 1.0, -7.7)
(33.1, 1.0, -7.6)
(33.9, 1.0, -3.7)
(33.8, 1.0, 0.8)
(31.9, 1.0, 5.4)
(30.6, 1.0, 10.1)
(29.8, 1.0, 14.9)
(29.1, 1.0, 19.2)
(28.5, 1.0, 23.6)
(26.9, 1.0, 27.5)
(23.7, 1.0, 30.4)
(20.4, 1.0, 28.7)
(16.6, 1.0, 28.1)
(15.8, 1.0, 28.1)
(15.8, 1.0, 28.1)
(15.8, 1.0, 28.1)
(15.8, 1.0, 28.1)
(17.2, 1.0, 24.4)
(19.7, 1.0, 20.2)
(21.7, 1.0, 15.7)
(21.3, 1.0, 11.1)
(17.4, 1.0, 12.1)
(14.2, 1.0, 11.2)
(9.8, 1.0, 11.7)
(5.5, 1.0, 12.5)
(1.3, 1.0, 13.1)
(-2.6, 1.0, 13.7)
(-6.4, 1.0, 14.4)
(-10.2, 1.0, 15.0)
(-14.1, 1.0, 15.6)
(-17.4, 1.0, 16.1)
(-20.7, 1.0, 16.7)
(-24.1, 1.0, 17.2)
(-27.3, 1.0, 17.7)
(-30.2, 1.0, 18.1)
(-33.0, 1.0, 18.6)
(-34.8, 1.0, 18.8)
(-34.8, 1.0, 18.8)
(-34.8, 1.0, 18.8)
(-34.8, 1.0, 18.8)
(-35.0, 1.0, 19.0)
(-37.8, 1.0, 21.5)
(-40.5, 1.0, 24.3)
(-43.1, 1.0, 27.2)
(-45.3, 1.0, 29.7)
(-47.7, 1.0, 32.0)
(-50.7, 1.0, 33.7)
(-53.5, 1.0, 35.1)
(-54.5, 1.0, 34.9)
(-54.5, 1.0, 34.9)
(-54.5, 1.0, 34.9)
(-54.5, 1.0, 34.9)
(-54.5, 1.0, 34.9)
(-54.2, 1.0, 34.0)
(-53.6, 1.0, 29.0)
(-53.5, 1.0, 24.2)
(-53.4, 1.0, 19.3)
(-53.3, 1.0, 14.4)
(-53.0, 1.0, 9.8)
(-52.7, 1.0, 5.4)
(-52.2, 1.0, 1.1)
(-51.0, 1.0, -3.1)
(-48.3, 1.0, -6.2)
(-44.9, 1.0, -8.1)
(-41.9, 1.0, -9.7)
(-41.9, 1.0, -9.7)
(-41.9, 1.0, -9.7)
(-41.9, 1.0, -9.7)
(-43.8, 1.0, -11.1)
(-46.0, 1.0, -15.3)
(-49.5, 1.0, -18.6)
(-49.0, 1.0, -23.4)
(-49.1, 1.0, -28.3)
(-49.4, 1.0, -32.7)
(-50.2, 1.0, -37.0)
(-50.9, 1.0, -41.4)
(-51.8, 1.0, -45.6)
(-52.8, 1.0, -49.4)
(-54.0, 1.0, -53.1)
(-54.8, 1.0, -55.7)
(-54.8, 1.0, -55.7)
(-54.8, 1.0, -55.7)
(-54.8, 1.0, -55.6)
(-54.9, 1.0, -55.7)
(-53.2, 1.0, -54.4)
(-53.8, 1.0, -51.8)
(-54.1, 1.0, -49.1)
(-51.8, 1.0, -48.0)
(-51.7, 1.0, -48.0)
(-51.7, 1.0, -48.0)
(33.3, 1.0, -7.7)
(33.3, 1.0, -7.7)
(33.3, 1.0, -7.7)
(33.3, 1.0, -7.7)
(33.3, 1.0, -7.7)
(33.3, 1.0, -7.7)
(33.3, 1.0, -7.7)
(33.1, 1.0, -7.6)
(33.1, 1.0, -3.0)
(33.4, 1.0, 1.9)
(33.4, 1.0, 6.8)
(32.8, 1.0, 11.6)
(32.0, 1.0, 16.3)
(30.8, 1.0, 20.5)
(29.4, 1.0, 24.6)
(26.3, 1.0, 27.8)
(22.4, 1.0, 27.3)
(18.5, 1.0, 26.8)
(15.5, 1.0, 26.6)
(15.5, 1.0, 26.6)
(15.6, 1.0, 26.5)
(15.6, 1.0, 26.5)
(17.6, 1.0, 25.2)
(21.0, 1.0, 21.7)
(22.8, 1.0, 17.3)
(21.4, 1.0, 12.5)
(17.6, 1.0, 11.7)
(14.3, 1.0, 11.3)
(10.4, 1.0, 9.4)
(6.1, 1.0, 8.5)
(1.8, 1.0, 8.3)
(-2.1, 1.0, 8.1)
(-5.9, 1.0, 7.5)
(-7.0, 1.0, 4.2)
(-9.6, 1.0, 1.8)
(-12.7, 1.0, 2.3)
(-15.1, 1.0, 4.7)
(-16.1, 1.0, 6.5)
(-16.1, 1.0, 6.5)
(-16.1, 1.0, 6.5)
(-16.1, 1.0, 6.5)
(-16.5, 1.0, 6.6)
(-16.5, 1.0, 6.6)
(-20.6, 1.0, 7.2)
(-25.5, 1.0, 7.9)
(-30.3, 1.0, 8.6)
(-35.1, 1.0, 9.3)
(-39.5, 1.0, 10.1)
(-43.1, 1.0, 12.3)
(-43.0, 1.0, 16.6)
(-43.6, 1.0, 21.0)
(-44.2, 1.0, 25.0)
(-45.4, 1.0, 28.6)
(-47.5, 1.0, 31.9)
(-51.1, 1.0, 32.4)
(-54.0, 1.0, 34.1)
(-54.9, 1.0, 34.8)
(-54.9, 1.0, 34.8)
(-54.9, 1.0, 34.8)
(-54.8, 1.0, 34.6)
(-53.3, 1.0, 30.3)
(-52.3, 1.0, 25.5)
(-51.7, 1.0, 20.7)
(-51.5, 1.0, 15.8)
(-51.3, 1.0, 11.1)
(-51.1, 1.0, 6.7)
(-51.0, 1.0, 2.3)
(-50.8, 1.0, -2.1)
(-47.9, 1.0, -4.3)
(-44.2, 1.0, -5.3)
(-41.6, 1.0, -7.7)
(-41.5, 1.0, -9.4)
(-41.5, 1.0, -9.4)
(-41.6, 1.0, -9.4)
(-44.6, 1.0, -11.1)
(-45.9, 1.0, -15.2)
(-48.4, 1.0, -18.8)
(-48.6, 1.0, -23.7)
(-49.0, 1.0, -28.4)
(-49.5, 1.0, -32.7)
(-49.9, 1.0, -37.1)
(-50.6, 1.0, -41.4)
(-51.5, 1.0, -45.6)
(-52.4, 1.0, -49.4)
(-53.4, 1.0, -53.2)
(-54.1, 1.0, -55.7)
(-54.1, 1.0, -55.7)
(33.3, 1.0, -7.7)
(33.3, 1.0, -7.7)
(33.3, 1.0, -7.7)
(33.3, 1.0, -7.7)
(33.3, 1.0, -7.7)
(33.3, 1.0, -7.7)
(33.3, 1.0, -7.7)
(32.4, 1.0, -9.9)
(35.3, 1.0, -13.8)
(38.2, 1.0, -17.7)
(39.2, 1.0, -20.1)
(39.2, 1.0, -22.0)
(37.2, 1.0, -25.2)
(35.4, 1.0, -28.8)
(35.3, 1.0, -33.2)
(35.1, 1.0, -37.5)
(34.1, 1.0, -41.4)
(32.9, 1.0, -45.1)
(30.5, 1.0, -48.2)
(29.7, 1.0, -48.9)
(25.9, 1.0, -49.6)
(21.6, 1.0, -50.2)
(17.4, 1.0, -50.8)
(13.2, 1.0, -51.4)
(8.8, 1.0, -51.9)
(4.2, 1.0, -52.4)
(-0.3, 1.0, -52.8)
(-4.9, 1.0, -53.3)
(-7.2, 1.0, -50.0)
(-7.9, 1.0, -45.5)
(-8.2, 1.0, -41.0)
(-7.8, 1.0, -36.4)
(-7.0, 1.0, -31.9)
(-5.8, 1.0, -28.0)
(-3.4, 1.0, -24.3)
(0.1, 1.0, -21.1)
(2.9, 1.0, -17.4)
(0.0, 1.0, -14.3)
(-4.4, 1.0, -13.0)
(-8.5, 1.0, -11.9)
(-12.6, 1.0, -10.8)
(-16.9, 1.0, -9.6)
(-21.1, 1.0, -11.0)
(-25.4, 1.0, -11.8)
(-27.2, 1.0, -15.6)
(-28.9, 1.0, -19.6)
(-30.6, 1.0, -23.9)
(-31.1, 1.0, -28.5)
(-31.2, 1.0, -33.2)
(-33.0, 1.0, -37.5)
(-36.8, 1.0, -37.9)
(-37.6, 1.0, -33.8)
(-38.2, 1.0, -29.6)
(-39.2, 1.0, -25.5)
(-41.0, 1.0, -21.8)
(-42.9, 1.0, -18.6)
(-45.9, 1.0, -16.7)
(-49.5, 1.0, -16.8)
(-50.2, 1.0, -20.2)
(-50.3, 1.0, -23.4)
(-50.4, 1.0, -26.7)
(-50.7, 1.0, -29.9)
(-50.9, 1.0, -33.0)
(-51.2, 1.0, -35.7)
(-51.4, 1.0, -38.4)
(-51.7, 1.0, -41.1)
(-52.0, 1.0, -43.7)
(-52.3, 1.0, -45.9)
(-52.6, 1.0, -48.1)
(-53.0, 1.0, -50.3)
(-53.5, 1.0, -52.4)
(-53.9, 1.0, -54.0)
(-54.0, 1.0, -54.4)
(33.3, 1.0, -7.7)
(33.3, 1.0, -7.7)
(33.3, 1.0, -7.7)
(33.3, 1.0, -7.7)
(33.3, 1.0, -7.7)
(33.3, 1.0, -7.7)
(33.3, 1.0, -7.7)
(33.3, 1.0, -7.7)
(33.3, 1.0, -7.7)
(33.3, 1.0, -7.7)
(28.8, 1.0, -7.6)
(27.7, 1.0, -3.3)
(28.6, 1.0, 1.5)
(29.0, 1.0, 6.3)
(28.7, 1.0, 11.0)
(28.2, 1.0, 15.3)
(27.7, 1.0, 19.8)
(27.5, 1.0, 24.1)
(26.7, 1.0, 28.1)
(23.0, 1.0, 28.3)
(19.9, 1.0, 26.1)
(18.6, 1.0, 22.5)
(19.0, 1.0, 19.1)
(20.3, 1.0, 16.0)
(21.1, 1.0, 13.2)
(21.7, 1.0, 16.2)
(22.6, 1.0, 17.0)
(22.0, 1.0, 16.9)
(20.1, 1.0, 18.7)
(18.7, 1.0, 21.3)
(17.4, 1.0, 23.4)
(16.1, 1.0, 25.4)
(14.6, 1.0, 27.4)
(13.8, 1.0, 28.1)
(13.8, 1.0, 28.1)
(13.8, 1.0, 28.1)
(13.8, 1.0, 28.1)
(13.8, 1.0, 28.1)
(13.8, 1.0, 28.1)
(15.3, 1.0, 26.6)
(19.2, 1.0, 27.6)
(22.7, 1.0, 29.3)
(24.3, 1.0, 32.2)
(22.6, 1.0, 35.1)
(19.1, 1.0, 35.8)
(15.7, 1.0, 36.1)
(12.7, 1.0, 36.1)
(9.6, 1.0, 35.5)
(6.6, 1.0, 35.5)
(3.7, 1.0, 35.8)
(0.9, 1.0, 35.3)
(0.2, 1.0, 35.1)
(0.2, 1.0, 35.1)
(0.2, 1.0, 35.1)
(0.2, 1.0, 35.1)
(-0.2, 1.0, 34.2)
(-1.5, 1.0, 29.9)
(-2.1, 1.0, 25.5)
(-1.8, 1.0, 21.1)
(-1.5, 1.0, 16.9)
(-2.8, 1.0, 13.3)
(-6.4, 1.0, 14.2)
(-9.9, 1.0, 16.0)
(-13.5, 1.0, 16.1)
(-17.0, 1.0, 16.0)
(-20.4, 1.0, 15.5)
(-23.8, 1.0, 15.1)
(-27.0, 1.0, 15.0)
(-29.9, 1.0, 15.3)
(-32.8, 1.0, 15.8)
(-35.4, 1.0, 16.5)
(-36.2, 1.0, 16.8)
(-36.8, 1.0, 17.8)
(-36.9, 1.0, 18.0)
(-38.7, 1.0, 21.3)
(-40.7, 1.0, 24.5)
(-43.1, 1.0, 27.5)
(-45.5, 1.0, 30.5)
(-47.9, 1.0, 33.1)
(-51.0, 1.0, 34.1)
(-53.7, 1.0, 36.0)
(-55.1, 1.0, 36.2)
(-55.1, 1.0, 36.2)
(-55.4, 1.0, 34.5)
(-55.4, 1.0, 34.4)
(-55.4, 1.0, 34.4)
(-54.1, 1.0, 31.5)
(-52.2, 1.0, 27.0)
(-51.5, 1.0, 22.2)
(-51.5, 1.0, 17.3)
(-51.3, 1.0, 12.3)
(-51.2, 1.0, 8.0)
(-51.1, 1.0, 3.6)
(-50.9, 1.0, -0.8)
(-49.7, 1.0, -4.8)
(-46.0, 1.0, -6.0)
(-42.7, 1.0, -8.0)
(-40.4, 1.0, -9.6)
(-40.4, 1.0, -9.6)
(-40.4, 1.0, -9.6)
(-42.7, 1.0, -12.7)
(-46.6, 1.0, -15.6)
(-49.7, 1.0, -19.5)
(-49.5, 1.0, -24.2)
(-49.4, 1.0, -29.2)
(-49.6, 1.0, -33.5)
(-50.0, 1.0, -37.9)
(-50.6, 1.0, -42.2)
(-51.6, 1.0, -46.5)
(-52.7, 1.0, -50.3)
(-55.1, 1.0, -53.2)
(-52.6, 1.0, -55.3)
(-52.0, 1.0, -52.1)
(-54.8, 1.0, -52.7)
(33.3, 1.0, -7.7)
(33.3, 1.0, -7.7)
(33.3, 1.0, -7.7)
(33.3, 1.0, -7.7)
(33.3, 1.0, -7.7)
(33.3, 1.0, -7.7)
(33.3, 1.0, -7.7)
(34.6, 1.0, -7.8)
(34.3, 1.0, -10.1)
(34.9, 1.0, -15.0)
(34.8, 1.0, -20.0)
(34.1, 1.0, -24.8)
(32.9, 1.0, -29.5)
(31.6, 1.0, -33.9)
(30.0, 1.0, -37.9)
(30.7, 1.0, -42.0)
(31.6, 1.0, -45.9)
(29.2, 1.0, -49.5)
(24.8, 1.0, -49.9)
(20.3, 1.0, -50.1)
(16.0, 1.0, -50.9)
(14.6, 1.0, -50.9)
(10.6, 1.0, -48.3)
(6.1, 1.0, -46.7)
(1.1, 1.0, -46.0)
(-3.7, 1.0, -46.1)
(-6.1, 1.0, -49.3)
(-9.0, 1.0, -51.3)
(-8.6, 1.0, -47.5)
(-7.3, 1.0, -43.6)
(-8.9, 1.0, -39.2)
(-9.4, 1.0, -34.5)
(-7.6, 1.0, -30.7)
(-5.1, 1.0, -27.4)
(-2.3, 1.0, -23.9)
(0.8, 1.0, -20.3)
(3.0, 1.0, -16.2)
(3.5, 1.0, -11.6)
(0.3, 1.0, -9.4)
(-3.7, 1.0, -10.4)
(-7.9, 1.0, -10.7)
(-11.9, 1.0, -10.7)
(-16.2, 1.0, -10.7)
(-20.8, 1.0, -10.9)
(-25.2, 1.0, -11.9)
(-27.7, 1.0, -15.2)
(-27.8, 1.0, -19.5)
(-28.9, 1.0, -23.8)
(-30.2, 1.0, -28.2)
(-31.5, 1.0, -32.6)
(-33.5, 1.0, -36.7)
(-37.3, 1.0, -37.4)
(-38.1, 1.0, -33.8)
(-39.4, 1.0, -30.3)
(-41.6, 1.0, -26.9)
(-43.0, 1.0, -23.2)
(-44.3, 1.0, -19.9)
(-46.2, 1.0, -16.9)
(-49.3, 1.0, -17.3)
(-49.9, 1.0, -20.7)
(-50.4, 1.0, -23.8)
(-50.8, 1.0, -26.8)
(-51.2, 1.0, -29.8)
(-51.7, 1.0, -32.7)
(-52.0, 1.0, -35.2)
(-52.3, 1.0, -37.8)
(-52.6, 1.0, -40.3)
(-52.9, 1.0, -42.8)
(-53.2, 1.0, -44.8)
(-53.4, 1.0, -46.9)
(-53.7, 1.0, -48.9)
(-53.9, 1.0, -50.8)
(-54.1, 1.0, -52.4)
(-54.3, 1.0, -54.0)
(-54.4, 1.0, -54.6)
(33.3, 1.0, -7.7)
(33.3, 1.0, -7.7)
(33.3, 1.0, -7.7)
(33.3, 1.0, -7.7)
(33.3, 1.0, -7.7)
(33.3, 1.0, -7.7)
(33.3, 1.0, -7.7)
(33.3, 1.0, -7.7)
(33.3, 1.0, -7.7)
(33.3, 1.0, -7.7)
(33.3, 1.0, -7.7)
(33.3, 1.0, -7.7)
(33.3, 1.0, -7.7)
(33.3, 1.0, -7.7)
(33.3, 1.0, -7.7)
(33.3, 1.0, -7.7)
(33.3, 1.0, -7.7)
(33.3, 1.0, -7.7)
(33.3, 1.0, -7.7)
(33.3, 1.0, -7.7)
(34.1, 1.0, -3.9)
(34.3, 1.0, 1.1)
(34.1, 1.0, 6.0)
(33.9, 1.0, 10.9)
(33.8, 1.0, 15.9)
(33.4, 1.0, 20.2)
(32.2, 1.0, 24.5)
(30.6, 1.0, 28.6)
(27.2, 1.0, 30.4)
(25.5, 1.0, 29.3)
(21.8, 1.0, 28.4)
(18.0, 1.0, 28.7)
(16.2, 1.0, 28.4)
(16.2, 1.0, 28.4)
(16.2, 1.0, 28.4)
(16.2, 1.0, 28.4)
(16.3, 1.0, 24.7)
(18.7, 1.0, 20.6)
(21.3, 1.0, 16.6)
(21.8, 1.0, 11.7)
(17.7, 1.0, 10.1)
(13.5, 1.0, 11.1)
(9.1, 1.0, 10.5)
(5.1, 1.0, 11.8)
(1.5, 1.0, 13.9)
(-1.9, 1.0, 12.1)
(-5.6, 1.0, 11.3)
(-7.9, 1.0, 8.5)
(-7.3, 1.0, 4.7)
(-8.1, 1.0, 1.6)
(-11.3, 1.0, 0.7)
(-14.2, 1.0, 2.4)
(-16.7, 1.0, 4.5)
(-17.1, 1.0, 6.2)
(-15.5, 1.0, 8.2)
(-15.5, 1.0, 8.2)
(-15.5, 1.0, 8.2)
(-15.7, 1.0, 8.3)
(-19.3, 1.0, 9.9)
(-23.4, 1.0, 10.9)
(-27.6, 1.0, 11.4)
(-31.9, 1.0, 10.9)
(-35.3, 1.0, 9.3)
(-37.3, 1.0, 6.1)
(-38.3, 1.0, 3.4)
(-38.3, 1.0, 3.4)
(-38.3, 1.0, 3.4)
(-38.3, 1.0, 3.4)
(-38.3, 1.0, 3.4)
(-38.4, 1.0, 3.4)
(-41.4, 1.0, 6.1)
(-42.8, 1.0, 10.7)
(-44.3, 1.0, 15.5)
(-44.5, 1.0, 20.4)
(-44.9, 1.0, 25.0)
(-45.5, 1.0, 29.3)
(-48.0, 1.0, 32.8)
(-51.9, 1.0, 34.0)
(-55.3, 1.0, 32.9)
(-55.3, 1.0, 32.9)
(-55.3, 1.0, 32.9)
(-55.3, 1.0, 32.9)
(-55.3, 1.0, 32.9)
(-55.0, 1.0, 28.8)
(-55.4, 1.0, 24.1)
(-54.8, 1.0, 19.2)
(-54.3, 1.0, 14.3)
(-53.8, 1.0, 9.8)
(-53.3, 1.0, 5.4)
(-52.9, 1.0, 1.0)
(-52.1, 1.0, -3.3)
(-49.1, 1.0, -5.8)
(-45.4, 1.0, -6.2)
(-42.0, 1.0, -8.1)
(-40.6, 1.0, -10.1)
(-40.6, 1.0, -10.1)
(-40.6, 1.0, -10.1)
(-41.5, 1.0, -11.7)
(-45.8, 1.0, -14.0)
(-49.8, 1.0, -16.7)
(-49.4, 1.0, -21.6)
(-49.1, 1.0, -26.5)
(-49.8, 1.0, -31.1)
(-50.6, 1.0, -35.4)
(-51.8, 1.0, -39.6)
(-52.7, 1.0, -44.1)
(-53.3, 1.0, -48.0)
(-54.0, 1.0, -51.9)
(-54.8, 1.0, -55.6)
(-55.0, 1.0, -56.2)
(-55.0, 1.0, -56.2)
(-55.0, 1.0, -56.2)
(33.3, 1.0, -7.7)
(33.3, 1.0, -7.7)
(33.3, 1.0, -7.7)
(33.3, 1.0, -7.7)
(33.3, 1.0, -7.7)
(33.3, 1.0, -7.7)
(33.3, 1.0, -7.7)
(31.8, 1.0, -7.1)
(31.6, 1.0, -10.0)
(33.2, 1.0, -14.6)
(33.0, 1.0, -19.5)
(32.8, 1.0, -24.3)
(32.6, 1.0, -29.0)
(32.4, 1.0, -33.4)
(32.2, 1.0, -37.8)
(32.0, 1.0, -42.1)
(31.7, 1.0, -46.3)
(30.7, 1.0, -48.0)
(27.8, 1.0, -47.0)
(23.5, 1.0, -47.6)
(19.8, 1.0, -49.0)
(19.7, 1.0, -49.1)
(19.7, 1.0, -49.1)
(19.0, 1.0, -50.6)
(15.3, 1.0, -51.0)
(12.5, 1.0, -49.5)
(9.5, 1.0, -49.5)
(5.2, 1.0, -50.4)
(0.7, 1.0, -50.2)
(-3.7, 1.0, -50.0)
(-7.6, 1.0, -49.8)
(-7.9, 1.0, -49.6)
(-9.3, 1.0, -46.0)
(-8.4, 1.0, -42.0)
(-6.3, 1.0, -38.4)
(-6.0, 1.0, -33.9)
(-5.8, 1.0, -30.0)
(-5.2, 1.0, -28.0)
(-5.2, 1.0, -27.9)
(-1.8, 1.0, -25.8)
(1.4, 1.0, -23.1)
(3.9, 1.0, -19.5)
(3.8, 1.0, -15.2)
(1.9, 1.0, -12.0)
(-1.9, 1.0, -11.8)
(-5.7, 1.0, -11.8)
(-9.3, 1.0, -11.1)
(-12.4, 1.0, -10.3)
(-12.4, 1.0, -10.3)
(-12.4, 1.0, -10.3)
(-13.6, 1.0, -11.0)
(-17.8, 1.0, -13.4)
(-18.7, 1.0, -18.0)
(-19.1, 1.0, -22.9)
(-19.5, 1.0, -27.7)
(-19.8, 1.0, -32.2)
(-20.0, 1.0, -36.6)
(-20.1, 1.0, -41.0)
(-20.2, 1.0, -45.2)
(-20.3, 1.0, -49.2)
(-20.6, 1.0, -53.1)
(-20.8, 1.0, -53.5)
(-20.9, 1.0, -53.5)
(-21.1, 1.0, -49.5)
(-20.0, 1.0, -44.9)
(-19.8, 1.0, -39.9)
(-19.6, 1.0, -35.1)
(-19.4, 1.0, -30.1)
(-19.3, 1.0, -25.5)
(-19.5, 1.0, -21.2)
(-20.5, 1.0, -17.0)
(-23.1, 1.0, -13.5)
(-26.4, 1.0, -11.6)
(-29.3, 1.0, -13.7)
(-28.8, 1.0, -17.3)
(-28.9, 1.0, -19.2)
(-28.9, 1.0, -19.2)
(-29.2, 1.0, -19.7)
(-28.7, 1.0, -24.3)
(-29.3, 1.0, -29.2)
(-31.2, 1.0, -33.6)
(-34.8, 1.0, -36.8)
(-39.0, 1.0, -35.9)
(-39.5, 1.0, -31.7)
(-39.4, 1.0, -27.3)
(-40.9, 1.0, -23.2)
(-43.1, 1.0, -19.5)
(-45.4, 1.0, -16.5)
(-49.1, 1.0, -15.8)
(-52.1, 1.0, -17.9)
(-51.7, 1.0, -21.5)
(-51.7, 1.0, -24.8)
(-52.2, 1.0, -28.2)
(-52.7, 1.0, -31.5)
(-53.0, 1.0, -34.7)
(-53.4, 1.0, -37.6)
(-53.7, 1.0, -40.5)
(-54.0, 1.0, -43.4)
(-54.3, 1.0, -46.0)
(-54.3, 1.0, -48.4)
(-54.3, 1.0, -50.8)
(-54.2, 1.0, -53.1)
(-54.3, 1.0, -54.9)
(-54.3, 1.0, -54.9)
(33.3, 1.0, -7.7)
(33.3, 1.0, -7.7)
(33.3, 1.0, -7.7)
(33.3, 1.0, -7.7)
(33.3, 1.0, -7.7)
(33.3, 1.0, -7.7)
(33.3, 1.0, -7.7)
(33.5, 1.0, -7.8)
(34.3, 1.0, -9.2)
(34.0, 1.0, -14.0)
(33.9, 1.0, -18.9)
(33.8, 1.0, -23.9)
(33.8, 1.0, -28.8)
(33.5, 1.0, -33.4)
(33.6, 1.0, -37.9)
(33.7, 1.0, -42.3)
(33.2, 1.0, -46.4)
(32.3, 1.0, -47.1)
(28.1, 1.0, -46.2)
(23.7, 1.0, -47.6)
(19.4, 1.0, -49.6)
(15.3, 1.0, -51.3)
(10.7, 1.0, -51.9)
(5.8, 1.0, -52.4)
(0.9, 1.0, -53.0)
(-3.9, 1.0, -53.5)
(-7.9, 1.0, -52.8)
(-8.5, 1.0, -48.9)
(-8.4, 1.0, -44.0)
(-7.8, 1.0, -39.2)
(-7.1, 1.0, -34.2)
(-6.5, 1.0, -29.5)
(-4.2, 1.0, -25.6)
(-0.4, 1.0, -22.6)
(2.5, 1.0, -18.7)
(1.2, 1.0, -14.1)
(-3.7, 1.0, -13.8)
(-8.0, 1.0, -12.2)
(-11.4, 1.0, -9.5)
(-14.0, 1.0, -12.7)
(-16.0, 1.0, -16.1)
(-17.0, 1.0, -20.8)
(-18.0, 1.0, -25.5)
(-18.7, 1.0, -30.4)
(-19.2, 1.0, -34.9)
(-19.4, 1.0, -39.2)
(-19.4, 1.0, -43.6)
(-19.4, 1.0, -48.0)
(-19.8, 1.0, -51.1)
(-20.4, 1.0, -51.5)
(-20.4, 1.0, -51.5)
(-20.4, 1.0, -51.5)
(-18.7, 1.0, -47.8)
(-18.4, 1.0, -42.9)
(-18.6, 1.0, -38.0)
(-18.7, 1.0, -33.1)
(-18.8, 1.0, -28.3)
(-18.9, 1.0, -23.9)
(-19.2, 1.0, -19.6)
(-17.6, 1.0, -15.8)
(-14.0, 1.0, -13.7)
(-12.7, 1.0, -10.5)
(-16.4, 1.0, -11.1)
(-20.5, 1.0, -10.0)
(-24.8, 1.0, -10.8)
(-27.7, 1.0, -14.0)
(-29.7, 1.0, -17.6)
(-30.9, 1.0, -21.3)
(-30.8, 1.0, -20.3)
(-31.1, 1.0, -23.8)
(-31.6, 1.0, -28.7)
(-32.1, 1.0, -33.5)
(-34.7, 1.0, -37.2)
(-38.1, 1.0, -35.1)
(-38.0, 1.0, -30.7)
(-38.5, 1.0, -26.4)
(-39.1, 1.0, -22.0)
(-39.6, 1.0, -17.7)
(-39.5, 1.0, -13.8)
(-39.6, 1.0, -10.4)
(-39.6, 1.0, -10.4)
(-42.1, 1.0, -13.4)
(-46.3, 1.0, -15.2)
(-48.8, 1.0, -18.8)
(-49.6, 1.0, -23.4)
(-50.3, 1.0, -28.0)
(-50.9, 1.0, -32.0)
(-51.6, 1.0, -36.0)
(-52.3, 1.0, -40.2)
(-52.9, 1.0, -44.2)
(-53.5, 1.0, -47.7)
(-54.1, 1.0, -51.3)
(-54.6, 1.0, -54.8)
(-54.7, 1.0, -55.2)
(-54.7, 1.0, -55.2)
(-54.7, 1.0, -55.2)
(33.3, 1.0, -7.7)
(33.3, 1.0, -7.7)
(33.3, 1.0, -7.7)
(33.3, 1.0, -7.7)
(33.3, 1.0, -7.7)
(33.3, 1.0, -7.7)
(33.3, 1.0, -7.7)
(33.3, 1.0, -7.7)
(33.3, 1.0, -7.7)
(33.3, 1.0, -7.7)
(33.3, 1.0, -7.7)
(33.3, 1.0, -7.7)
(33.3, 1.0, -7.7)
(33.3, 1.0, -7.7)
(33.3, 1.0, -7.7)
(33.3, 1.0, -7.7)
(33.3, 1.0, -7.7)
(33.3, 1.0, -7.7)
(35.9, 1.0, -7.7)
(35.8, 1.0, -7.7)
(35.4, 1.0, -7.7)
(35.4, 1.0, -7.7)
(35.3, 1.0, -8.5)
(35.0, 1.0, -13.3)
(35.1, 1.0, -18.3)
(34.4, 1.0, -23.2)
(34.4, 1.0, -28.1)
(33.7, 1.0, -32.9)
(33.3, 1.0, -37.2)
(32.9, 1.0, -41.7)
(32.5, 1.0, -45.9)
(32.2, 1.0, -49.2)
(32.2, 1.0, -49.2)
(28.6, 1.0, -48.8)
(24.8, 1.0, -50.8)
(20.1, 1.0, -51.6)
(15.7, 1.0, -51.9)
(14.8, 1.0, -52.0)
(10.0, 1.0, -52.4)
(5.1, 1.0, -52.7)
(0.3, 1.0, -53.1)
(-4.5, 1.0, -53.9)
(-8.3, 1.0, -53.7)
(-8.3, 1.0, -53.7)
(-8.6, 1.0, -50.1)
(-10.7, 1.0, -46.4)
(-9.5, 1.0, -41.5)
(-8.7, 1.0, -36.7)
(-7.6, 1.0, -31.9)
(-5.5, 1.0, -28.0)
(-2.2, 1.0, -24.4)
(1.1, 1.0, -20.7)
(1.5, 1.0, -16.1)
(-0.3, 1.0, -11.6)
(-4.5, 1.0, -11.0)
(-8.4, 1.0, -9.9)
(-12.8, 1.0, -10.1)
(-17.5, 1.0, -9.0)
(-13.9, 1.0, -9.6)
(-17.1, 1.0, -9.2)
(-22.0, 1.0, -9.9)
(-26.7, 1.0, -11.2)
(-27.6, 1.0, -15.3)
(-30.7, 1.0, -18.3)
(-29.5, 1.0, -22.5)
(-29.8, 1.0, -27.4)
(-29.8, 1.0, -32.3)
(-31.1, 1.0, -36.9)
(-35.2, 1.0, -37.2)
(-36.9, 1.0, -33.0)
(-38.0, 1.0, -28.7)
(-38.8, 1.0, -24.4)
(-39.4, 1.0, -19.9)
(-39.6, 1.0, -15.9)
(-40.0, 1.0, -12.1)
(-41.0, 1.0, -8.8)
(-41.1, 1.0, -8.8)
(-41.1, 1.0, -8.8)
(-43.1, 1.0, -11.7)
(-46.8, 1.0, -14.8)
(-50.0, 1.0, -18.5)
(-51.4, 1.0, -23.2)
(-52.4, 1.0, -28.0)
(-53.0, 1.0, -32.5)
(-53.4, 1.0, -36.8)
(-53.7, 1.0, -41.3)
(-53.8, 1.0, -45.7)
(-54.2, 1.0, -49.6)
(-54.5, 1.0, -53.4)
(-54.8, 1.0, -56.2)
(-54.7, 1.0, -55.8)
(-54.7, 1.0, -55.8)
(-54.7, 1.0, -55.8)
(-54.7, 1.0, -55.8)
(-54.7, 1.0, -55.8)
(-54.7, 1.0, -55.8)
(-54.7, 1.0, -55.8)
(-54.7, 1.0, -55.8)
(-54.7, 1.0, -55.8)
(-54.7, 1.0, -55.8)
(-54.7, 1.0, -55.8)
(-54.7, 1.0, -55.8)
(-54.7, 1.0, -55.8)
(-54.7, 1.0, -55.8)
(-54.7, 1.0, -55.8)
(-54.7, 1.0, -55.8)
(-54.7, 1.0, -55.8)
(-54.7, 1.0, -55.8)
(-54.7, 1.0, -55.8)
(-54.7, 1.0, -55.8)
(-54.7, 1.0, -55.8)
(-54.7, 1.0, -55.8)
(-54.7, 1.0, -55.8)
(-54.7, 1.0, -55.8)
(-54.7, 1.0, -55.8)
(33.3, 1.0, -7.7)
(33.3, 1.0, -7.7)
(33.3, 1.0, -7.7)
(33.3, 1.0, -7.7)
(33.3, 1.0, -7.7)
(33.3, 1.0, -7.7)
(33.3, 1.0, -7.7)
(33.3, 1.0, -7.7)
(33.2, 1.0, -7.7)
(35.4, 1.0, -7.6)
(35.4, 1.0, -7.6)
(34.9, 1.0, -11.4)
(33.8, 1.0, -15.8)
(32.0, 1.0, -20.4)
(31.3, 1.0, -25.2)
(31.3, 1.0, -30.0)
(31.4, 1.0, -34.6)
(31.6, 1.0, -39.0)
(32.0, 1.0, -43.3)
(32.4, 1.0, -47.5)
(31.8, 1.0, -48.3)
(30.5, 1.0, -48.3)
(26.0, 1.0, -49.4)
(21.5, 1.0, -50.4)
(17.0, 1.0, -51.5)
(14.1, 1.0, -52.1)
(14.1, 1.0, -52.1)
(12.7, 1.0, -50.8)
(9.6, 1.0, -48.3)
(12.4, 1.0, -44.6)
(11.3, 1.0, -40.2)
(11.1, 1.0, -35.9)
(11.2, 1.0, -31.5)
(11.7, 1.0, -27.2)
(13.0, 1.0, -23.4)
(16.2, 1.0, -23.2)
(16.0, 1.0, -26.9)
(17.2, 1.0, -29.4)
(17.9, 1.0, -30.8)
(17.9, 1.0, -30.8)
(17.9, 1.0, -30.8)
(17.9, 1.0, -30.8)
(18.9, 1.0, -35.0)
(20.8, 1.0, -39.3)
(22.8, 1.0, -36.3)
(22.1, 1.0, -32.6)
(23.2, 1.0, -27.9)
(23.5, 1.0, -23.5)
(23.4, 1.0, -19.2)
(22.7, 1.0, -15.0)
(19.5, 1.0, -12.3)
(16.4, 1.0, -12.7)
(16.4, 1.0, -12.7)
(20.2, 1.0, -13.0)
(21.2, 1.0, -9.2)
(21.0, 1.0, -4.7)
(18.8, 1.0, -1.1)
(14.4, 1.0, -1.4)
(10.4, 1.0, -1.7)
(6.4, 1.0, -2.4)
(2.8, 1.0, -4.4)
(-0.5, 1.0, -6.3)
(-3.9, 1.0, -7.5)
(-7.5, 1.0, -7.8)
(-10.8, 1.0, -8.6)
(-12.1, 1.0, -9.5)
(-12.1, 1.0, -9.5)
(-12.1, 1.0, -9.5)
(-13.6, 1.0, -12.2)
(-15.9, 1.0, -16.5)
(-16.8, 1.0, -21.2)
(-17.2, 1.0, -25.9)
(-17.6, 1.0, -30.8)
(-18.0, 1.0, -35.2)
(-18.3, 1.0, -39.6)
(-18.7, 1.0, -43.9)
(-19.1, 1.0, -48.3)
(-19.9, 1.0, -52.0)
(-19.9, 1.0, -52.1)
(-19.9, 1.0, -52.1)
(-18.1, 1.0, -48.5)
(-19.6, 1.0, -44.4)
(-20.7, 1.0, -39.7)
(-21.0, 1.0, -34.8)
(-21.4, 1.0, -29.9)
(-21.8, 1.0, -25.6)
(-22.1, 1.0, -21.2)
(-22.4, 1.0, -16.8)
(-23.8, 1.0, -12.8)
(-27.1, 1.0, -13.4)
(-28.0, 1.0, -17.0)
(-29.7, 1.0, -17.9)
(-29.7, 1.0, -17.9)
(-29.7, 1.0, -17.9)
(-29.8, 1.0, -18.4)
(-29.8, 1.0, -23.2)
(-29.0, 1.0, -28.1)
(-30.0, 1.0, -32.8)
(-33.4, 1.0, -35.6)
(-38.0, 1.0, -35.0)
(-37.3, 1.0, -30.8)
(-39.0, 1.0, -26.9)
(-40.7, 1.0, -22.9)
(-41.1, 1.0, -18.6)
(-40.5, 1.0, -14.7)
(-40.0, 1.0, -10.9)
(-39.8, 1.0, -9.3)
(-39.8, 1.0, -9.3)
(-39.8, 1.0, -9.3)
(-39.9, 1.0, -9.3)
(-43.5, 1.0, -11.5)
(-46.2, 1.0, -15.5)
(-49.4, 1.0, -19.2)
(-48.1, 1.0, -23.8)
(-47.8, 1.0, -28.8)
(-48.9, 1.0, -33.0)
(-50.0, 1.0, -37.3)
(-51.1, 1.0, -41.6)
(-52.2, 1.0, -45.9)
(-53.2, 1.0, -49.6)
(-54.1, 1.0, -53.5)
(-54.8, 1.0, -55.8)
(-54.3, 1.0, -54.2)
(-54.3, 1.0, -54.2)
(33.3, 1.0, -7.7)
(33.3, 1.0, -7.7)
(33.3, 1.0, -7.7)
(33.3, 1.0, -7.7)
(33.3, 1.0, -7.7)
(33.3, 1.0, -7.7)
(33.3, 1.0, -7.7)
(31.2, 1.0, -8.6)
(33.2, 1.0, -12.9)
(31.4, 1.0, -17.3)
(30.2, 1.0, -22.0)
(29.6, 1.0, -26.9)
(29.0, 1.0, -31.3)
(28.5, 1.0, -35.6)
(28.0, 1.0, -40.0)
(27.3, 1.0, -44.3)
(23.8, 1.0, -45.7)
(20.0, 1.0, -46.4)
(16.2, 1.0, -47.1)
(12.5, 1.0, -47.8)
(9.1, 1.0, -48.4)
(5.6, 1.0, -48.5)
(2.2, 1.0, -48.7)
(-1.0, 1.0, -48.8)
(-3.5, 1.0, -50.2)
(-5.6, 1.0, -51.9)
(-8.0, 1.0, -53.0)
(-8.0, 1.0, -53.0)
(-8.0, 1.0, -53.0)
(-8.8, 1.0, -50.1)
(-8.1, 1.0, -46.6)
(-8.7, 1.0, -43.0)
(-8.3, 1.0, -39.5)
(-7.7, 1.0, -36.4)
(-7.2, 1.0, -33.2)
(-6.7, 1.0, -30.2)
(-5.5, 1.0, -27.6)
(-5.2, 1.0, -27.3)
(-2.9, 1.0, -25.2)
(-0.5, 1.0, -22.8)
(1.6, 1.0, -20.1)
(1.8, 1.0, -16.9)
(0.0, 1.0, -14.8)
(-2.8, 1.0, -13.9)
(-5.5, 1.0, -12.9)
(-8.0, 1.0, -11.7)
(-10.2, 1.0, -10.6)
(-12.6, 1.0, -9.4)
(-12.8, 1.0, -9.3)
(-12.8, 1.0, -9.3)
(-12.8, 1.0, -9.3)
(-12.8, 1.0, -9.3)
(-12.8, 1.0, -9.3)
(-12.8, 1.0, -9.3)
(-15.4, 1.0, -9.3)
(-20.2, 1.0, -9.7)
(-24.5, 1.0, -12.0)
(-26.7, 1.0, -16.3)
(-30.6, 1.0, -18.7)
(-29.6, 1.0, -22.6)
(-30.2, 1.0, -26.9)
(-32.3, 1.0, -31.3)
(-33.9, 1.0, -35.9)
(-37.7, 1.0, -36.1)
(-39.8, 1.0, -32.2)
(-41.5, 1.0, -28.2)
(-42.9, 1.0, -23.9)
(-44.3, 1.0, -19.8)
(-46.6, 1.0, -16.7)
(-50.2, 1.0, -18.0)
(-51.0, 1.0, -21.4)
(-50.9, 1.0, -25.1)
(-51.9, 1.0, -28.3)
(-52.2, 1.0, -31.7)
(-52.5, 1.0, -35.1)
(-52.8, 1.0, -38.6)
(-53.0, 1.0, -41.5)
(-53.2, 1.0, -44.3)
(-53.5, 1.0, -47.3)
(-53.9, 1.0, -50.1)
(-54.2, 1.0, -52.5)
(-54.5, 1.0, -54.4)
(33.3, 1.0, -7.7)
(33.3, 1.0, -7.7)
(33.3, 1.0, -7.7)
(33.3, 1.0, -7.7)
(33.3, 1.0, -7.7)
(33.3, 1.0, -7.7)
(33.3, 1.0, -7.7)
(32.3, 1.0, -6.5)
(33.5, 1.0, -1.8)
(31.7, 1.0, 2.9)
(30.2, 1.0, 7.6)
(28.9, 1.0, 12.3)
(28.2, 1.0, 16.9)
(28.0, 1.0, 21.3)
(27.7, 1.0, 25.6)
(26.4, 1.0, 29.6)
(23.6, 1.0, 32.4)
(23.9, 1.0, 36.0)
(20.4, 1.0, 35.8)
(16.6, 1.0, 35.5)
(13.0, 1.0, 35.6)
(9.6, 1.0, 35.7)
(6.2, 1.0, 35.7)
(3.0, 1.0, 35.8)
(0.8, 1.0, 35.3)
(0.8, 1.0, 35.3)
(0.8, 1.0, 35.3)
(0.8, 1.0, 35.3)
(0.8, 1.0, 35.3)
(0.3, 1.0, 32.2)
(-0.1, 1.0, 27.4)
(-0.6, 1.0, 22.5)
(-1.4, 1.0, 17.6)
(-2.8, 1.0, 13.4)
(-6.1, 1.0, 14.4)
(-7.7, 1.0, 17.9)
(-12.1, 1.0, 17.3)
(-16.1, 1.0, 16.9)
(-20.0, 1.0, 16.8)
(-23.9, 1.0, 16.9)
(-27.9, 1.0, 17.1)
(-31.3, 1.0, 17.3)
(-34.7, 1.0, 17.8)
(-36.5, 1.0, 18.3)
(-36.5, 1.0, 18.3)
(-36.5, 1.0, 18.3)
(-36.5, 1.0, 18.3)
(-38.2, 1.0, 21.6)
(-40.6, 1.0, 25.4)
(-43.5, 1.0, 28.9)
(-46.4, 1.0, 31.8)
(-50.0, 1.0, 33.3)
(-53.7, 1.0, 34.7)
(-55.2, 1.0, 35.2)
(-55.2, 1.0, 35.2)
(-55.2, 1.0, 35.2)
(-55.4, 1.0, 32.1)
(-55.5, 1.0, 27.1)
(-55.3, 1.0, 22.2)
(-55.1, 1.0, 17.2)
(-54.7, 1.0, 12.4)
(-53.9, 1.0, 8.0)
(-53.1, 1.0, 3.7)
(-52.1, 1.0, -0.6)
(-50.1, 1.0, -4.4)
(-46.5, 1.0, -6.2)
(-43.1, 1.0, -7.9)
(-39.9, 1.0, -9.4)
(-39.9, 1.0, -9.4)
(-41.2, 1.0, -11.3)
(-44.9, 1.0, -13.2)
(-48.1, 1.0, -16.8)
(-49.9, 1.0, -21.4)
(-50.4, 1.0, -26.2)
(-50.9, 1.0, -31.0)
(-51.3, 1.0, -35.5)
(-51.7, 1.0, -39.8)
(-52.2, 1.0, -44.2)
(-52.7, 1.0, -48.4)
(-53.6, 1.0, -52.2)
(-54.6, 1.0, -55.4)
(-54.6, 1.0, -55.4)
(-54.6, 1.0, -55.4)
(-54.6, 1.0, -55.4)
(33.3, 1.0, -7.7)
(33.3, 1.0, -7.7)
(33.3, 1.0, -7.7)
(33.3, 1.0, -7.7)
(33.3, 1.0, -7.7)
(33.3, 1.0, -7.7)
(33.3, 1.0, -7.7)
(30.6, 1.0, -8.8)
(32.1, 1.0, -13.4)
(32.4, 1.0, -18.3)
(32.7, 1.0, -23.3)
(32.9, 1.0, -28.0)
(33.1, 1.0, -32.3)
(33.4, 1.0, -36.7)
(33.3, 1.0, -41.2)
(31.8, 1.0, -45.1)
(30.4, 1.0, -47.9)
(29.5, 1.0, -47.9)
(25.1, 1.0, -48.9)
(20.7, 1.0, -50.1)
(16.5, 1.0, -51.2)
(12.6, 1.0, -52.2)
(10.7, 1.0, -52.3)
(5.8, 1.0, -52.3)
(1.1, 1.0, -52.6)
(-3.6, 1.0, -52.1)
(-7.5, 1.0, -51.5)
(-7.5, 1.0, -51.5)
(-7.5, 1.0, -51.5)
(-7.9, 1.0, -49.0)
(-7.7, 1.0, -44.1)
(-6.9, 1.0, -39.3)
(-5.9, 1.0, -34.4)
(-4.8, 1.0, -30.0)
(-3.2, 1.0, -26.6)
(-3.1, 1.0, -26.4)
(-0.6, 1.0, -22.4)
(2.1, 1.0, -18.4)
(-0.3, 1.0, -15.5)
(-4.5, 1.0, -14.0)
(-7.7, 1.0, -11.6)
(-12.0, 1.0, -10.9)
(-13.9, 1.0, -10.2)
(-15.7, 1.0, -9.9)
(-20.6, 1.0, -10.3)
(-24.6, 1.0, -13.1)
(-28.4, 1.0, -16.2)
(-30.8, 1.0, -20.3)
(-31.1, 1.0, -20.9)
(-30.8, 1.0, -22.9)
(-31.1, 1.0, -27.8)
(-32.6, 1.0, -32.4)
(-34.2, 1.0, -37.1)
(-37.6, 1.0, -35.6)
(-36.5, 1.0, -31.6)
(-39.6, 1.0, -28.4)
(-41.6, 1.0, -24.4)
(-43.7, 1.0, -20.6)
(-46.0, 1.0, -17.3)
(-49.4, 1.0, -16.2)
(-49.9, 1.0, -19.8)
(-49.9, 1.0, -23.7)
(-50.1, 1.0, -27.1)
(-50.4, 1.0, -30.5)
(-50.8, 1.0, -33.9)
(-51.3, 1.0, -37.3)
(-51.6, 1.0, -40.2)
(-52.0, 1.0, -43.0)
(-52.5, 1.0, -45.9)
(-53.0, 1.0, -48.8)
(-53.4, 1.0, -51.1)
(-53.9, 1.0, -53.4)
(-54.3, 1.0, -54.8)
(-54.3, 1.0, -54.8)
(-54.3, 1.0, -54.8)
(-54.3, 1.0, -54.8)
(33.3, 1.0, -7.7)
(33.3, 1.0, -7.7)
(33.3, 1.0, -7.7)
(33.3, 1.0, -7.7)
(33.3, 1.0, -7.7)
(33.3, 1.0, -7.7)
(33.3, 1.0, -7.7)
(30.1, 1.0, -9.6)
(31.7, 1.0, -14.2)
(31.9, 1.0, -19.1)
(32.0, 1.0, -24.0)
(32.0, 1.0, -28.7)
(31.9, 1.0, -33.1)
(31.8, 1.0, -37.5)
(31.4, 1.0, -42.0)
(30.9, 1.0, -46.0)
(29.2, 1.0, -49.5)
(25.0, 1.0, -48.6)
(21.0, 1.0, -50.5)
(16.8, 1.0, -51.8)
(12.3, 1.0, -52.2)
(7.5, 1.0, -52.6)
(2.7, 1.0, -53.0)
(-2.1, 1.0, -53.4)
(-6.7, 1.0, -53.6)
(-8.6, 1.0, -50.9)
(-8.9, 1.0, -49.0)
(-7.1, 1.0, -44.7)
(-5.6, 1.0, -40.4)
(-6.2, 1.0, -35.6)
(-5.9, 1.0, -30.7)
(-4.7, 1.0, -26.4)
(-0.6, 1.0, -24.2)
(1.3, 1.0, -19.8)
(1.0, 1.0, -15.4)
(-3.7, 1.0, -16.2)
(-6.7, 1.0, -12.5)
(-10.0, 1.0, -9.7)
(-14.1, 1.0, -10.5)
(-14.0, 1.0, -15.3)
(-17.0, 1.0, -19.0)
(-18.0, 1.0, -23.7)
(-18.5, 1.0, -28.6)
(-18.9, 1.0, -33.2)
(-19.2, 1.0, -37.7)
(-19.5, 1.0, -42.0)
(-19.8, 1.0, -46.5)
(-20.0, 1.0, -50.6)
(-21.3, 1.0, -52.9)
(-23.0, 1.0, -52.6)
(-22.6, 1.0, -51.2)
(-22.3, 1.0, -46.3)
(-22.3, 1.0, -41.4)
(-22.3, 1.0, -36.5)
(-22.3, 1.0, -31.5)
(-22.3, 1.0, -26.9)
(-22.3, 1.0, -22.4)
(-22.4, 1.0, -18.0)
(-22.7, 1.0, -13.6)
(-26.4, 1.0, -11.9)
(-28.4, 1.0, -14.5)
(-28.9, 1.0, -18.0)
(-29.4, 1.0, -18.5)
(-30.5, 1.0, -20.1)
(-30.5, 1.0, -20.1)
(-31.3, 1.0, -24.4)
(-31.7, 1.0, -29.3)
(-32.6, 1.0, -34.2)
(-35.8, 1.0, -37.0)
(-36.9, 1.0, -32.7)
(-38.4, 1.0, -28.6)
(-40.3, 1.0, -24.6)
(-42.9, 1.0, -20.9)
(-45.5, 1.0, -17.5)
(-48.8, 1.0, -16.4)
(-50.0, 1.0, -20.0)
(-50.6, 1.0, -24.0)
(-51.1, 1.0, -27.6)
(-51.5, 1.0, -31.1)
(-51.9, 1.0, -34.4)
(-52.4, 1.0, -37.8)
(-52.8, 1.0, -41.0)
(-53.2, 1.0, -43.9)
(-53.5, 1.0, -46.8)
(-53.9, 1.0, -49.6)
(-54.3, 1.0, -52.3)
(-54.8, 1.0, -54.7)
(33.3, 1.0, -7.7)
(33.3, 1.0, -7.7)
(33.3, 1.0, -7.7)
(33.3, 1.0, -7.7)
(33.3, 1.0, -7.7)
(33.3, 1.0, -7.7)
(33.3, 1.0, -7.7)
(31.2, 1.0, -6.6)
(31.9, 1.0, -1.8)
(31.0, 1.0, 3.0)
(30.1, 1.0, 7.9)
(29.5, 1.0, 12.7)
(29.0, 1.0, 17.1)
(28.5, 1.0, 21.5)
(27.9, 1.0, 25.8)
(26.0, 1.0, 29.7)
(23.3, 1.0, 31.7)
(24.8, 1.0, 34.3)
(22.0, 1.0, 36.1)
(18.2, 1.0, 35.9)
(14.7, 1.0, 35.8)
(11.4, 1.0, 35.7)
(7.9, 1.0, 35.6)
(4.6, 1.0, 35.4)
(1.9, 1.0, 34.4)
(1.6, 1.0, 34.0)
(1.6, 1.0, 34.0)
(1.6, 1.0, 34.0)
(1.6, 1.0, 34.0)
(0.9, 1.0, 31.6)
(0.5, 1.0, 26.9)
(0.1, 1.0, 22.1)
(-0.8, 1.0, 17.5)
(-3.1, 1.0, 13.3)
(-7.0, 1.0, 13.9)
(-10.8, 1.0, 15.6)
(-15.1, 1.0, 16.5)
(-19.1, 1.0, 17.1)
(-22.9, 1.0, 17.4)
(-26.7, 1.0, 17.7)
(-30.4, 1.0, 18.1)
(-34.1, 1.0, 18.4)
(-36.9, 1.0, 19.9)
(-37.1, 1.0, 20.2)
(-37.1, 1.0, 20.2)
(-37.2, 1.0, 20.4)
(-39.5, 1.0, 23.7)
(-42.5, 1.0, 27.0)
(-45.7, 1.0, 30.2)
(-49.0, 1.0, 33.0)
(-52.3, 1.0, 35.1)
(-53.9, 1.0, 35.8)
(-53.9, 1.0, 35.8)
(-54.2, 1.0, 33.8)
(-54.5, 1.0, 28.8)
(-54.4, 1.0, 23.9)
(-54.1, 1.0, 19.0)
(-53.7, 1.0, 14.1)
(-53.4, 1.0, 9.4)
(-52.9, 1.0, 5.1)
(-52.0, 1.0, 0.8)
(-50.8, 1.0, -3.5)
(-48.1, 1.0, -6.4)
(-44.2, 1.0, -6.9)
(-40.8, 1.0, -8.7)
(-40.1, 1.0, -10.6)
(-40.1, 1.0, -10.6)
(-41.3, 1.0, -11.5)
(-45.0, 1.0, -14.3)
(-48.4, 1.0, -17.7)
(-49.3, 1.0, -22.6)
(-50.1, 1.0, -27.4)
(-50.8, 1.0, -32.0)
(-51.4, 1.0, -36.4)
(-52.1, 1.0, -40.7)
(-52.8, 1.0, -45.1)
(-53.4, 1.0, -49.2)
(-54.0, 1.0, -53.1)
(-54.4, 1.0, -55.9)
(33.3, 1.0, -7.7)
(33.3, 1.0, -7.7)
(33.3, 1.0, -7.7)
(33.3, 1.0, -7.7)
(33.3, 1.0, -7.7)
(33.3, 1.0, -7.7)
(33.3, 1.0, -7.7)
(32.0, 1.0, -9.2)
(32.6, 1.0, -14.0)
(32.9, 1.0, -18.9)
(33.1, 1.0, -23.8)
(33.2, 1.0, -28.8)
(33.2, 1.0, -33.2)
(33.1, 1.0, -37.6)
(33.0, 1.0, -42.0)
(32.0, 1.0, -46.0)
(29.7, 1.0, -48.0)
(25.5, 1.0, -49.6)
(20.9, 1.0, -50.5)
(16.5, 1.0, -51.4)
(11.8, 1.0, -52.1)
(7.0, 1.0, -52.7)
(2.0, 1.0, -53.0)
(-2.8, 1.0, -53.2)
(-6.9, 1.0, -51.7)
(-7.2, 1.0, -46.8)
(-7.0, 1.0, -42.0)
(-6.4, 1.0, -37.1)
(-5.8, 1.0, -32.2)
(-4.9, 1.0, -27.6)
(-1.1, 1.0, -24.8)
(1.6, 1.0, -20.6)
(1.4, 1.0, -16.2)
(-3.4, 1.0, -15.4)
(-7.6, 1.0, -13.1)
(-11.4, 1.0, -10.8)
(-15.6, 1.0, -9.4)
(-20.0, 1.0, -11.6)
(-24.5, 1.0, -13.6)
(-27.3, 1.0, -16.8)
(-29.4, 1.0, -20.1)
(-31.8, 1.0, -23.4)
(-31.7, 1.0, -28.3)
(-32.6, 1.0, -33.1)
(-35.3, 1.0, -37.1)
(-39.1, 1.0, -34.5)
(-40.3, 1.0, -30.3)
(-40.7, 1.0, -25.9)
(-40.9, 1.0, -21.6)
(-40.7, 1.0, -17.1)
(-40.4, 1.0, -13.3)
(-40.3, 1.0, -11.1)
(-40.3, 1.0, -11.1)
(-42.7, 1.0, -12.3)
(-46.1, 1.0, -15.5)
(-48.8, 1.0, -19.3)
(-49.0, 1.0, -24.0)
(-49.6, 1.0, -28.8)
(-50.1, 1.0, -33.1)
(-50.8, 1.0, -37.3)
(-51.4, 1.0, -41.5)
(-52.1, 1.0, -45.7)
(-52.8, 1.0, -49.5)
(-53.6, 1.0, -53.1)
(-54.4, 1.0, -55.9)
(-54.4, 1.0, -55.9)
(-54.4, 1.0, -55.9)
(-54.4, 1.0, -55.9)
(-54.4, 1.0, -55.9)
(-54.4, 1.0, -55.9)
(33.3, 1.0, -7.7)
(33.3, 1.0, -7.7)
(33.3, 1.0, -7.7)
(33.3, 1.0, -7.7)
(33.3, 1.0, -7.7)
(33.3, 1.0, -7.7)
(33.3, 1.0, -7.7)
(30.4, 1.0, -9.9)
(31.4, 1.0, -14.8)
(32.0, 1.0, -19.7)
(32.3, 1.0, -24.6)
(32.5, 1.0, -29.3)
(32.5, 1.0, -33.6)
(32.5, 1.0, -38.0)
(32.5, 1.0, -42.5)
(32.3, 1.0, -46.6)
(29.9, 1.0, -49.9)
(25.7, 1.0, -48.8)
(21.2, 1.0, -49.5)
(16.8, 1.0, -50.3)
(12.3, 1.0, -51.1)
(7.6, 1.0, -51.9)
(2.8, 1.0, -52.5)
(-2.1, 1.0, -52.9)
(-6.7, 1.0, -52.7)
(-8.0, 1.0, -48.4)
(-6.8, 1.0, -43.8)
(-5.9, 1.0, -39.0)
(-5.3, 1.0, -34.3)
(-4.6, 1.0, -29.6)
(-3.6, 1.0, -25.2)
(-0.8, 1.0, -21.2)
(2.2, 1.0, -17.4)
(-1.0, 1.0, -14.8)
(-5.6, 1.0, -13.3)
(-9.8, 1.0, -11.4)
(-14.1, 1.0, -9.6)
(-18.8, 1.0, -10.6)
(-23.3, 1.0, -12.5)
(-27.2, 1.0, -15.2)
(-30.2, 1.0, -18.8)
(-29.6, 1.0, -23.7)
(-30.4, 1.0, -28.6)
(-31.9, 1.0, -33.2)
(-35.1, 1.0, -36.7)
(-38.3, 1.0, -33.5)
(-39.3, 1.0, -29.3)
(-39.8, 1.0, -24.9)
(-39.7, 1.0, -20.5)
(-40.3, 1.0, -16.2)
(-41.4, 1.0, -12.3)
(-41.6, 1.0, -11.6)
(-41.6, 1.0, -11.6)
(-41.6, 1.0, -11.6)
(-43.9, 1.0, -13.0)
(-46.9, 1.0, -16.8)
(-49.0, 1.0, -21.0)
(-49.2, 1.0, -26.0)
(-49.8, 1.0, -30.7)
(-50.5, 1.0, -35.0)
(-51.2, 1.0, -39.5)
(-51.9, 1.0, -43.8)
(-52.7, 1.0, -48.1)
(-53.8, 1.0, -51.8)
(-54.8, 1.0, -55.4)
(-54.9, 1.0, -55.5)
(-54.9, 1.0, -55.5)
(-54.9, 1.0, -55.5)
(33.3, 1.0, -7.7)
(33.3, 1.0, -7.7)
(33.3, 1.0, -7.7)
(33.3, 1.0, -7.7)
(33.3, 1.0, -7.7)
(33.3, 1.0, -7.7)
(33.3, 1.0, -7.7)
(30.6, 1.0, -9.9)
(32.9, 1.0, -14.3)
(32.4, 1.0, -19.2)
(32.2, 1.0, -24.2)
(32.1, 1.0, -28.9)
(32.0, 1.0, -33.3)
(31.9, 1.0, -37.7)
(31.8, 1.0, -42.1)
(31.6, 1.0, -46.3)
(30.3, 1.0, -48.4)
(27.8, 1.0, -49.2)
(23.4, 1.0, -50.4)
(19.0, 1.0, -51.4)
(14.7, 1.0, -52.0)
(10.0, 1.0, -52.2)
(5.2, 1.0, -52.5)
(0.4, 1.0, -52.7)
(-4.4, 1.0, -52.9)
(-8.3, 1.0, -50.7)
(-9.4, 1.0, -46.4)
(-7.4, 1.0, -41.9)
(-5.9, 1.0, -37.3)
(-5.0, 1.0, -32.6)
(-4.8, 1.0, -28.1)
(-1.7, 1.0, -24.9)
(0.9, 1.0, -20.9)
(1.3, 1.0, -16.4)
(-3.2, 1.0, -15.9)
(-6.1, 1.0, -12.0)
(-9.7, 1.0, -9.8)
(-14.2, 1.0, -8.9)
(-18.9, 1.0, -9.3)
(-23.3, 1.0, -11.4)
(-27.1, 1.0, -14.5)
(-29.6, 1.0, -18.3)
(-30.9, 1.0, -22.9)
(-31.9, 1.0, -27.7)
(-33.0, 1.0, -32.6)
(-35.1, 1.0, -36.6)
(-38.8, 1.0, -33.7)
(-38.7, 1.0, -29.3)
(-38.6, 1.0, -24.9)
(-38.7, 1.0, -20.4)
(-38.8, 1.0, -16.0)
(-39.4, 1.0, -12.1)
(-40.4, 1.0, -10.8)
(-40.9, 1.0, -10.9)
(-44.4, 1.0, -13.2)
(-47.1, 1.0, -16.2)
(-50.0, 1.0, -19.5)
(-51.4, 1.0, -24.0)
(-51.8, 1.0, -28.7)
(-52.0, 1.0, -32.9)
(-52.3, 1.0, -37.1)
(-52.5, 1.0, -41.4)
(-52.8, 1.0, -45.4)
(-53.1, 1.0, -49.2)
(-53.8, 1.0, -52.8)
(-54.4, 1.0, -55.1)
(-54.4, 1.0, -55.1)
(-54.4, 1.0, -55.1)
(-54.4, 1.0, -55.1)
(-54.4, 1.0, -55.1)
(33.3, 1.0, -7.7)
(33.3, 1.0, -7.7)
(33.3, 1.0, -7.7)
(33.3, 1.0, -7.7)
(33.3, 1.0, -7.7)
(33.3, 1.0, -7.7)
(33.3, 1.0, -7.7)
(33.3, 1.0, -7.7)
(33.3, 1.0, -7.7)
(33.3, 1.0, -7.7)
(33.9, 1.0, -6.6)
(35.2, 1.0, -7.9)
(35.3, 1.0, -8.2)
(34.6, 1.0, -6.9)
(36.2, 1.0, -7.3)
(36.1, 1.0, -8.8)
(35.7, 1.0, -13.7)
(35.1, 1.0, -18.6)
(34.7, 1.0, -23.5)
(34.9, 1.0, -28.5)
(34.2, 1.0, -33.2)
(33.5, 1.0, -37.7)
(32.9, 1.0, -42.0)
(32.3, 1.0, -46.2)
(29.2, 1.0, -48.0)
(24.8, 1.0, -46.7)
(20.2, 1.0, -46.6)
(18.0, 1.0, -50.2)
(16.2, 1.0, -52.2)
(16.2, 1.0, -52.2)
(13.3, 1.0, -52.8)
(8.5, 1.0, -53.4)
(3.6, 1.0, -53.5)
(-1.2, 1.0, -53.6)
(-5.6, 1.0, -53.6)
(-8.2, 1.0, -53.6)
(-8.2, 1.0, -53.6)
(-8.2, 1.0, -53.6)
(-8.0, 1.0, -49.7)
(-8.0, 1.0, -44.7)
(-7.7, 1.0, -39.8)
(-4.9, 1.0, -36.2)
(-6.4, 1.0, -32.0)
(-6.8, 1.0, -27.8)
(-6.7, 1.0, -27.5)
(-6.7, 1.0, -27.5)
(-3.5, 1.0, -26.2)
(0.0, 1.0, -24.2)
(1.7, 1.0, -19.6)
(2.2, 1.0, -15.2)
(1.5, 1.0, -11.2)
(-2.6, 1.0, -11.7)
(-6.9, 1.0, -11.1)
(-10.9, 1.0, -10.2)
(-11.6, 1.0, -9.7)
(-15.2, 1.0, -9.2)
(-15.7, 1.0, -6.6)
(-13.0, 1.0, -7.0)
(-12.7, 1.0, -9.5)
(-12.7, 1.0, -9.5)
(-12.7, 1.0, -9.1)
(-12.0, 1.0, -9.0)
(-12.0, 1.0, -9.0)
(-15.8, 1.0, -9.0)
(-20.7, 1.0, -9.0)
(-25.6, 1.0, -9.2)
(-27.6, 1.0, -13.4)
(-29.8, 1.0, -17.5)
(-30.1, 1.0, -18.1)
(-30.3, 1.0, -18.5)
(-30.4, 1.0, -18.5)
(-30.4, 1.0, -18.6)
(-30.4, 1.0, -18.6)
(-30.4, 1.0, -18.6)
(-30.4, 1.0, -18.6)
(-30.4, 1.0, -18.6)
(-30.4, 1.0, -18.6)
(-30.3, 1.0, -19.6)
(-29.7, 1.0, -24.5)
(-29.3, 1.0, -29.4)
(-29.8, 1.0, -34.2)
(-33.0, 1.0, -37.2)
(-37.4, 1.0, -36.7)
(-40.1, 1.0, -33.4)
(-40.5, 1.0, -28.9)
(-40.6, 1.0, -24.9)
(-40.5, 1.0, -21.0)
(-39.8, 1.0, -17.3)
(-40.2, 1.0, -13.6)
(-39.8, 1.0, -10.9)
(-39.8, 1.0, -9.5)
(-39.8, 1.0, -9.5)
(-39.8, 1.0, -9.5)
(-39.8, 1.0, -9.5)
(-42.4, 1.0, -11.1)
(-46.4, 1.0, -13.8)
(-49.6, 1.0, -17.5)
(-51.8, 1.0, -21.8)
(-53.1, 1.0, -26.6)
(-53.5, 1.0, -31.2)
(-53.7, 1.0, -35.6)
(-53.9, 1.0, -40.1)
(-53.8, 1.0, -44.4)
(-53.7, 1.0, -48.5)
(-54.0, 1.0, -52.3)
(-54.8, 1.0, -55.6)
(-54.8, 1.0, -55.6)
(-54.8, 1.0, -55.6)
(-54.8, 1.0, -55.6)
(-54.8, 1.0, -55.6)
(33.3, 1.0, -7.7)
(33.3, 1.0, -7.7)
(33.3, 1.0, -7.7)
(33.3, 1.0, -7.7)
(33.3, 1.0, -7.7)
(33.3, 1.0, -7.7)
(33.3, 1.0, -7.7)
(33.3, 1.0, -7.7)
(33.3, 1.0, -7.7)
(32.5, 1.0, -8.8)
(32.6, 1.0, -10.9)
(32.9, 1.0, -15.9)
(33.1, 1.0, -20.8)
(33.2, 1.0, -25.6)
(33.4, 1.0, -30.5)
(33.5, 1.0, -34.9)
(33.7, 1.0, -39.3)
(33.8, 1.0, -43.8)
(33.6, 1.0, -46.9)
(31.8, 1.0, -49.3)
(29.4, 1.0, -51.6)
(25.1, 1.0, -52.4)
(20.4, 1.0, -52.7)
(15.9, 1.0, -52.5)
(15.5, 1.0, -52.5)
(13.3, 1.0, -51.4)
(10.7, 1.0, -49.8)
(10.9, 1.0, -47.7)
(11.3, 1.0, -43.0)
(11.5, 1.0, -38.4)
(11.6, 1.0, -34.2)
(11.7, 1.0, -29.8)
(11.3, 1.0, -25.5)
(11.5, 1.0, -22.6)
(13.8, 1.0, -21.2)
(15.0, 1.0, -21.0)
(17.2, 1.0, -23.3)
(17.7, 1.0, -26.5)
(17.4, 1.0, -27.6)
(17.3, 1.0, -28.2)
(17.3, 1.0, -28.4)
(17.3, 1.0, -28.4)
(17.3, 1.0, -28.4)
(17.3, 1.0, -28.6)
(17.2, 1.0, -33.3)
(17.7, 1.0, -38.2)
(19.6, 1.0, -39.7)
(24.3, 1.0, -39.5)
(24.6, 1.0, -39.2)
(24.7, 1.0, -34.9)
(24.4, 1.0, -30.5)
(24.0, 1.0, -26.1)
(23.7, 1.0, -22.3)
(23.4, 1.0, -18.3)
(23.1, 1.0, -14.4)
(22.9, 1.0, -12.4)
(22.9, 1.0, -12.4)
(20.8, 1.0, -11.6)
(17.7, 1.0, -10.7)
(15.7, 1.0, -11.0)
(15.7, 1.0, -11.0)
(15.7, 1.0, -11.0)
(15.8, 1.0, -10.8)
(18.0, 1.0, -7.6)
(21.8, 1.0, -5.8)
(23.4, 1.0, -2.9)
(21.9, 1.0, -0.4)
(18.6, 1.0, 1.0)
(14.8, 1.0, 1.1)
(10.9, 1.0, 1.0)
(7.5, 1.0, 0.3)
(4.7, 1.0, -1.2)
(2.1, 1.0, -3.3)
(-0.4, 1.0, -5.3)
(-3.2, 1.0, -6.5)
(-5.9, 1.0, -7.1)
(-8.4, 1.0, -8.0)
(-9.7, 1.0, -8.5)
(-9.7, 1.0, -8.5)
(-9.7, 1.0, -8.5)
(-9.7, 1.0, -8.5)
(-9.7, 1.0, -8.5)
(-9.7, 1.0, -8.5)
(-9.7, 1.0, -8.5)
(-9.7, 1.0, -8.5)
(-12.1, 1.0, -9.5)
(-15.3, 1.0, -13.1)
(-18.1, 1.0, -16.7)
(-18.4, 1.0, -19.7)
(-18.8, 1.0, -24.7)
(-19.1, 1.0, -29.5)
(-19.2, 1.0, -33.9)
(-19.0, 1.0, -38.2)
(-18.7, 1.0, -42.6)
(-18.8, 1.0, -46.8)
(-19.4, 1.0, -50.5)
(-19.8, 1.0, -51.9)
(-19.8, 1.0, -51.9)
(-19.8, 1.0, -51.9)
(-20.3, 1.0, -50.3)
(-21.5, 1.0, -45.6)
(-22.3, 1.0, -40.7)
(-22.1, 1.0, -35.7)
(-21.9, 1.0, -30.7)
(-21.7, 1.0, -26.3)
(-21.5, 1.0, -22.0)
(-21.4, 1.0, -17.6)
(-21.2, 1.0, -13.2)
(-21.8, 1.0, -11.2)
(-25.2, 1.0, -9.7)
(-26.9, 1.0, -9.8)
(-27.4, 1.0, -10.9)
(-28.9, 1.0, -13.9)
(-30.2, 1.0, -16.9)
(-30.3, 1.0, -17.1)
(-30.3, 1.0, -17.1)
(-30.3, 1.0, -17.1)
(-30.3, 1.0, -17.1)
(-30.3, 1.0, -17.1)
(-27.7, 1.0, -15.8)
(-25.2, 1.0, -11.7)
(-24.1, 1.0, -9.5)
(-19.8, 1.0, -8.4)
(-15.3, 1.0, -9.0)
(-12.9, 1.0, -9.3)
(-8.0, 1.0, -9.2)
(-3.1, 1.0, -8.9)
(0.3, 1.0, -5.6)
(-0.1, 1.0, -0.9)
(-0.6, 1.0, -0.1)
(1.4, 1.0, 2.6)
(5.6, 1.0, 3.4)
(6.4, 1.0, 3.2)
(8.0, 1.0, -0.3)
(7.3, 1.0, -1.9)
(5.6, 1.0, -5.5)
(5.3, 1.0, -9.3)
(4.8, 1.0, -13.0)
(4.3, 1.0, -16.3)
(3.1, 1.0, -19.5)
(1.8, 1.0, -22.6)
(-0.3, 1.0, -25.1)
(-3.0, 1.0, -25.8)
(-3.7, 1.0, -26.0)
(-6.1, 1.0, -28.2)
(-7.4, 1.0, -31.3)
(-8.5, 1.0, -34.5)
(-9.3, 1.0, -37.8)
(-9.8, 1.0, -40.9)
(-10.1, 1.0, -43.7)
(-10.4, 1.0, -46.5)
(-10.3, 1.0, -49.4)
(-9.7, 1.0, -51.7)
(-9.7, 1.0, -51.8)
(-9.6, 1.0, -51.8)
(-8.9, 1.0, -51.9)
(-5.7, 1.0, -52.0)
(-2.3, 1.0, -51.9)
(1.2, 1.0, -51.8)
(4.3, 1.0, -51.7)
(7.1, 1.0, -51.7)
(10.0, 1.0, -51.6)
(12.9, 1.0, -51.4)
(15.4, 1.0, -51.1)
(17.8, 1.0, -50.7)
(20.2, 1.0, -50.3)
(22.5, 1.0, -49.7)
(24.4, 1.0, -49.1)
(26.1, 1.0, -48.4)
(27.6, 1.0, -47.4)
(28.9, 1.0, -45.9)
(29.4, 1.0, -44.6)
(29.8, 1.0, -43.3)
(30.3, 1.0, -42.1)
(30.7, 1.0, -40.8)
(30.9, 1.0, -39.9)
(31.2, 1.0, -39.1)
(31.4, 1.0, -38.3)
(31.6, 1.0, -37.5)
(31.7, 1.0, -37.2)
(31.8, 1.0, -36.8)
(31.9, 1.0, -36.5)
(31.9, 1.0, -36.2)
(31.9, 1.0, -36.2)
(31.9, 1.0, -36.2)
(31.9, 1.0, -36.2)
(31.9, 1.0, -36.2)
(31.9, 1.0, -36.2)
(31.9, 1.0, -36.2)
(31.9, 1.0, -36.2)
(31.9, 1.0, -36.2)
(31.9, 1.0, -36.2)
(31.9, 1.0, -36.2)
(33.3, 1.0, -7.7)
(33.3, 1.0, -7.7)
(33.3, 1.0, -7.7)
(33.3, 1.0, -7.7)
(33.3, 1.0, -7.7)
(33.3, 1.0, -7.7)
(33.3, 1.0, -7.7)
(32.0, 1.0, -7.7)
(31.9, 1.0, -5.0)
(32.7, 1.0, -0.8)
(31.1, 1.0, 3.8)
(30.4, 1.0, 8.6)
(29.7, 1.0, 13.2)
(29.2, 1.0, 17.6)
(28.5, 1.0, 21.9)
(27.5, 1.0, 26.3)
(25.4, 1.0, 29.8)
(22.2, 1.0, 31.7)
(19.1, 1.0, 29.5)
(15.7, 1.0, 28.2)
(14.1, 1.0, 27.8)
(14.1, 1.0, 27.8)
(14.4, 1.0, 27.5)
(17.4, 1.0, 23.6)
(20.2, 1.0, 19.6)
(21.7, 1.0, 14.9)
(20.7, 1.0, 12.9)
(18.3, 1.0, 9.6)
(16.0, 1.0, 12.1)
(17.1, 1.0, 12.1)
(16.5, 1.0, 12.2)
(12.3, 1.0, 11.8)
(8.4, 1.0, 11.5)
(4.5, 1.0, 11.3)
(1.4, 1.0, 13.2)
(1.7, 1.0, 14.3)
(0.0, 1.0, 14.9)
(-3.3, 1.0, 14.5)
(-6.7, 1.0, 14.6)
(-9.9, 1.0, 14.7)
(-12.2, 1.0, 16.2)
(-13.3, 1.0, 18.8)
(-13.2, 1.0, 21.7)
(-12.8, 1.0, 24.3)
(-12.4, 1.0, 26.7)
(-11.9, 1.0, 29.1)
(-11.4, 1.0, 31.2)
(-10.7, 1.0, 32.6)
(-10.7, 1.0, 32.6)
(-10.7, 1.0, 32.6)
(-10.7, 1.0, 32.6)
(-10.7, 1.0, 32.6)
(-10.7, 1.0, 32.6)
(-10.7, 1.0, 32.6)
(-10.7, 1.0, 32.6)
(-10.7, 1.0, 32.6)
(-9.4, 1.0, 29.2)
(-10.3, 1.0, 24.5)
(-12.6, 1.0, 20.2)
(-16.7, 1.0, 19.0)
(-21.0, 1.0, 21.2)
(-25.3, 1.0, 22.5)
(-29.7, 1.0, 22.6)
(-33.2, 1.0, 20.0)
(-35.6, 1.0, 18.5)
(-36.3, 1.0, 18.5)
(-37.1, 1.0, 19.0)
(-39.3, 1.0, 22.9)
(-42.0, 1.0, 27.1)
(-45.7, 1.0, 28.2)
(-45.6, 1.0, 23.5)
(-47.6, 1.0, 19.2)
(-47.7, 1.0, 14.9)
(-46.2, 1.0, 10.7)
(-43.7, 1.0, 7.1)
(-40.9, 1.0, 3.8)
(-38.4, 1.0, 1.5)
(-38.4, 1.0, 1.5)
(-38.4, 1.0, 1.5)
(-39.3, 1.0, 2.5)
(-41.9, 1.0, 6.6)
(-43.7, 1.0, 11.2)
(-44.8, 1.0, 16.0)
(-45.8, 1.0, 20.8)
(-46.9, 1.0, 25.3)
(-47.9, 1.0, 29.5)
(-49.3, 1.0, 33.8)
(-52.4, 1.0, 36.4)
(-53.8, 1.0, 35.0)
(-53.8, 1.0, 35.0)
(-54.3, 1.0, 31.7)
(-54.5, 1.0, 26.7)
(-54.2, 1.0, 21.8)
(-53.8, 1.0, 16.9)
(-53.1, 1.0, 12.0)
(-52.6, 1.0, 7.7)
(-52.0, 1.0, 3.4)
(-51.2, 1.0, -0.9)
(-50.0, 1.0, -5.2)
(-47.1, 1.0, -7.7)
(-43.5, 1.0, -8.5)
(-41.4, 1.0, -8.3)
(-40.7, 1.0, -9.9)
(-40.7, 1.0, -9.9)
(-43.3, 1.0, -11.6)
(-46.6, 1.0, -15.1)
(-49.2, 1.0, -19.4)
(-51.2, 1.0, -23.8)
(-52.4, 1.0, -28.6)
(-53.0, 1.0, -33.1)
(-53.5, 1.0, -37.6)
(-53.9, 1.0, -41.9)
(-54.3, 1.0, -46.4)
(-54.5, 1.0, -50.2)
(-53.8, 1.0, -53.6)
(-53.8, 1.0, -53.6)
(33.3, 1.0, -7.7)
(33.3, 1.0, -7.7)
(33.3, 1.0, -7.7)
(33.3, 1.0, -7.7)
(33.3, 1.0, -7.7)
(33.3, 1.0, -7.7)
(33.3, 1.0, -7.7)
(33.3, 1.0, -7.7)
(31.0, 1.0, -5.2)
(31.1, 1.0, -0.3)
(30.5, 1.0, 4.7)
(30.0, 1.0, 9.5)
(29.4, 1.0, 14.2)
(28.9, 1.0, 18.6)
(28.3, 1.0, 23.0)
(27.4, 1.0, 27.2)
(25.9, 1.0, 31.2)
(23.4, 1.0, 34.2)
(19.9, 1.0, 35.2)
(15.9, 1.0, 34.9)
(12.2, 1.0, 34.8)
(8.8, 1.0, 34.8)
(5.4, 1.0, 35.0)
(2.5, 1.0, 34.4)
(2.4, 1.0, 34.3)
(2.4, 1.0, 34.3)
(2.4, 1.0, 34.3)
(2.4, 1.0, 34.3)
(2.1, 1.0, 33.3)
(1.2, 1.0, 28.4)
(0.8, 1.0, 23.5)
(0.1, 1.0, 18.7)
(-2.1, 1.0, 14.4)
(-5.9, 1.0, 13.4)
(-9.1, 1.0, 16.0)
(-13.6, 1.0, 15.8)
(-18.0, 1.0, 15.9)
(-21.8, 1.0, 16.4)
(-25.8, 1.0, 16.9)
(-29.7, 1.0, 17.4)
(-33.5, 1.0, 18.0)
(-35.6, 1.0, 18.6)
(-35.6, 1.0, 18.6)
(-35.6, 1.0, 18.6)
(-37.1, 1.0, 21.4)
(-39.8, 1.0, 25.1)
(-43.1, 1.0, 28.6)
(-46.5, 1.0, 31.7)
(-50.3, 1.0, 34.1)
(-53.5, 1.0, 35.2)
(-53.5, 1.0, 35.2)
(-53.5, 1.0, 35.1)
(-53.2, 1.0, 30.7)
(-52.9, 1.0, 25.9)
(-52.6, 1.0, 20.8)
(-52.3, 1.0, 15.9)
(-52.0, 1.0, 11.2)
(-51.7, 1.0, 6.7)
(-51.3, 1.0, 2.3)
(-50.8, 1.0, -2.1)
(-49.5, 1.0, -6.1)
(-46.0, 1.0, -7.3)
(-42.6, 1.0, -8.5)
(-41.4, 1.0, -9.4)
(-40.9, 1.0, -9.8)
(-41.1, 1.0, -11.1)
(-45.1, 1.0, -13.4)
(-47.8, 1.0, -17.5)
(-50.4, 1.0, -21.7)
(-51.9, 1.0, -26.3)
(-52.8, 1.0, -30.9)
(-53.0, 1.0, -35.3)
(-53.1, 1.0, -39.7)
(-53.3, 1.0, -44.1)
(-53.5, 1.0, -48.2)
(-53.8, 1.0, -52.2)
(-54.1, 1.0, -55.8)
(-54.1, 1.0, -55.9)
(-54.1, 1.0, -55.9)
(33.3, 1.0, -7.7)
(33.3, 1.0, -7.7)
(33.3, 1.0, -7.7)
(33.3, 1.0, -7.7)
(33.3, 1.0, -7.7)
(33.3, 1.0, -7.7)
(33.3, 1.0, -7.7)
(32.2, 1.0, -9.3)
(31.1, 1.0, -14.1)
(30.6, 1.0, -18.9)
(30.6, 1.0, -23.9)
(31.0, 1.0, -28.8)
(31.4, 1.0, -33.2)
(31.8, 1.0, -37.6)
(32.1, 1.0, -42.0)
(32.3, 1.0, -46.3)
(32.1, 1.0, -47.7)
(32.0, 1.0, -47.7)
(27.7, 1.0, -48.6)
(23.3, 1.0, -49.7)
(18.9, 1.0, -51.0)
(14.6, 1.0, -52.0)
(10.0, 1.0, -52.5)
(5.3, 1.0, -52.8)
(0.5, 1.0, -53.5)
(-4.3, 1.0, -53.8)
(-8.6, 1.0, -52.6)
(-8.9, 1.0, -48.1)
(-8.3, 1.0, -43.2)
(-7.7, 1.0, -38.3)
(-7.0, 1.0, -33.5)
(-6.2, 1.0, -28.8)
(-5.0, 1.0, -27.3)
(-0.6, 1.0, -25.8)
(1.3, 1.0, -21.3)
(2.0, 1.0, -16.6)
(-1.9, 1.0, -14.3)
(-6.2, 1.0, -12.3)
(-10.1, 1.0, -10.2)
(-13.6, 1.0, -10.9)
(-16.4, 1.0, -13.7)
(-21.2, 1.0, -13.2)
(-26.1, 1.0, -13.1)
(-27.5, 1.0, -17.6)
(-29.0, 1.0, -21.8)
(-28.0, 1.0, -26.5)
(-28.7, 1.0, -31.5)
(-31.0, 1.0, -35.6)
(-35.1, 1.0, -37.4)
(-37.9, 1.0, -33.9)
(-38.5, 1.0, -29.5)
(-38.9, 1.0, -25.1)
(-39.1, 1.0, -20.7)
(-39.3, 1.0, -16.6)
(-39.8, 1.0, -12.8)
(-39.9, 1.0, -11.7)
(-40.8, 1.0, -12.4)
(-44.6, 1.0, -14.7)
(-48.2, 1.0, -17.2)
(-50.6, 1.0, -20.8)
(-51.9, 1.0, -25.1)
(-52.0, 1.0, -29.2)
(-52.1, 1.0, -33.2)
(-52.2, 1.0, -37.2)
(-52.6, 1.0, -41.2)
(-53.1, 1.0, -44.8)
(-53.6, 1.0, -48.2)
(-54.0, 1.0, -51.6)
(-54.3, 1.0, -55.0)
(-54.3, 1.0, -55.6)
(-54.3, 1.0, -55.6)
(-54.3, 1.0, -55.6)
(-54.3, 1.0, -55.6)
(-54.3, 1.0, -55.6)
(-54.3, 1.0, -55.6)
(-54.3, 1.0, -55.6)
(-54.3, 1.0, -55.6)
(-54.3, 1.0, -55.6)
(-54.3, 1.0, -55.6)
(-54.3, 1.0, -55.6)
(-54.3, 1.0, -55.6)
(-54.3, 1.0, -55.6)
(-54.3, 1.0, -55.6)
(-54.3, 1.0, -55.6)
(-54.3, 1.0, -55.6)
(-54.3, 1.0, -55.6)
(-54.3, 1.0, -55.6)
(-54.3, 1.0, -55.6)
(-54.3, 1.0, -55.6)
(-54.3, 1.0, -55.6)
(-54.3, 1.0, -55.6)
(-54.3, 1.0, -55.6)
(-54.3, 1.0, -55.6)
(-54.3, 1.0, -55.6)
(-54.3, 1.0, -55.6)
(-54.3, 1.0, -55.6)
(-54.3, 1.0, -55.6)
(-54.3, 1.0, -55.6)
(-54.3, 1.0, -55.6)
(-54.3, 1.0, -55.6)
(33.3, 1.0, -7.7)
(33.3, 1.0, -7.7)
(33.3, 1.0, -7.7)
(33.3, 1.0, -7.7)
(33.3, 1.0, -7.7)
(33.3, 1.0, -7.7)
(33.3, 1.0, -7.7)
(33.0, 1.0, -7.9)
(32.7, 1.0, -12.7)
(32.8, 1.0, -17.7)
(32.8, 1.0, -22.6)
(32.9, 1.0, -27.5)
(32.9, 1.0, -32.3)
(33.0, 1.0, -36.7)
(32.9, 1.0, -41.0)
(32.6, 1.0, -45.4)
(30.5, 1.0, -48.6)
(29.6, 1.0, -48.9)
(25.1, 1.0, -49.7)
(20.5, 1.0, -50.8)
(16.1, 1.0, -51.6)
(11.4, 1.0, -52.4)
(6.6, 1.0, -53.1)
(1.7, 1.0, -53.7)
(-3.1, 1.0, -54.0)
(-7.6, 1.0, -53.3)
(-8.8, 1.0, -49.2)
(-8.6, 1.0, -44.2)
(-8.1, 1.0, -39.3)
(-7.5, 1.0, -34.4)
(-6.3, 1.0, -29.7)
(-3.6, 1.0, -25.9)
(-0.3, 1.0, -22.2)
(2.3, 1.0, -18.1)
(-1.1, 1.0, -15.7)
(-5.4, 1.0, -13.6)
(-9.5, 1.0, -11.4)
(-13.7, 1.0, -9.8)
(-18.4, 1.0, -10.6)
(-23.0, 1.0, -12.2)
(-27.4, 1.0, -14.5)
(-28.4, 1.0, -18.9)
(-28.7, 1.0, -23.9)
(-29.6, 1.0, -28.6)
(-31.5, 1.0, -33.3)
(-34.4, 1.0, -37.2)
(-39.0, 1.0, -38.3)
(-39.7, 1.0, -34.5)
(-39.8, 1.0, -30.1)
(-39.9, 1.0, -25.6)
(-40.0, 1.0, -21.3)
(-40.1, 1.0, -17.4)
(-40.5, 1.0, -13.6)
(-40.9, 1.0, -12.9)
(-40.9, 1.0, -12.9)
(-43.1, 1.0, -14.5)
(-46.8, 1.0, -16.8)
(-49.3, 1.0, -20.2)
(-49.7, 1.0, -24.5)
(-50.1, 1.0, -28.7)
(-50.5, 1.0, -32.6)
(-51.0, 1.0, -36.5)
(-51.6, 1.0, -40.4)
(-52.1, 1.0, -44.0)
(-52.6, 1.0, -47.4)
(-53.2, 1.0, -50.7)
(-54.0, 1.0, -54.1)
(-54.2, 1.0, -55.2)
(-54.2, 1.0, -55.2)
(-54.2, 1.0, -55.2)
(-54.2, 1.0, -55.2)
(-54.2, 1.0, -55.2)
(-54.2, 1.0, -55.2)
(-54.2, 1.0, -55.2)
(-54.2, 1.0, -55.2)
(-54.2, 1.0, -55.2)
(-54.2, 1.0, -55.2)
(-54.2, 1.0, -55.2)
(-54.2, 1.0, -55.2)
(-54.2, 1.0, -55.2)
(-54.2, 1.0, -55.2)
(-54.2, 1.0, -55.2)
(-54.2, 1.0, -55.2)
(-54.2, 1.0, -55.2)
(-54.2, 1.0, -55.2)
(33.3, 1.0, -7.7)
(33.3, 1.0, -7.7)
(33.3, 1.0, -7.7)
(33.3, 1.0, -7.7)
(33.3, 1.0, -7.7)
(33.3, 1.0, -7.7)
(33.3, 1.0, -7.7)
(31.8, 1.0, -7.6)
(31.2, 1.0, -7.0)
(31.7, 1.0, -2.3)
(30.3, 1.0, 2.4)
(29.5, 1.0, 7.2)
(29.2, 1.0, 11.6)
(29.2, 1.0, 16.0)
(29.0, 1.0, 20.3)
(28.4, 1.0, 24.6)
(27.1, 1.0, 28.2)
(23.7, 1.0, 29.9)
(19.9, 1.0, 29.9)
(17.4, 1.0, 28.1)
(17.3, 1.0, 28.1)
(17.3, 1.0, 28.1)
(17.3, 1.0, 28.1)
(17.3, 1.0, 28.1)
(17.7, 1.0, 26.1)
(19.9, 1.0, 21.6)
(21.3, 1.0, 16.9)
(21.6, 1.0, 12.2)
(18.3, 1.0, 9.2)
(13.9, 1.0, 9.8)
(9.6, 1.0, 10.5)
(5.3, 1.0, 11.3)
(1.1, 1.0, 12.3)
(-2.7, 1.0, 13.1)
(-6.4, 1.0, 13.9)
(-10.3, 1.0, 14.8)
(-14.1, 1.0, 15.4)
(-17.4, 1.0, 15.9)
(-20.8, 1.0, 16.5)
(-24.1, 1.0, 16.9)
(-27.3, 1.0, 17.4)
(-30.2, 1.0, 17.8)
(-33.0, 1.0, 18.2)
(-35.0, 1.0, 18.5)
(-35.0, 1.0, 18.5)
(-35.0, 1.0, 18.5)
(-35.0, 1.0, 18.5)
(-36.9, 1.0, 20.1)
(-38.4, 1.0, 23.7)
(-40.9, 1.0, 26.5)
(-43.4, 1.0, 29.4)
(-45.8, 1.0, 31.8)
(-48.5, 1.0, 33.6)
(-51.6, 1.0, 34.8)
(-53.3, 1.0, 34.9)
(-53.3, 1.0, 34.9)
(-53.3, 1.0, 34.9)
(-53.3, 1.0, 34.9)
(-53.3, 1.0, 34.9)
(-53.3, 1.0, 34.9)
(-53.3, 1.0, 31.1)
(-54.0, 1.0, 26.3)
(-53.6, 1.0, 21.4)
(-53.7, 1.0, 16.4)
(-53.3, 1.0, 11.6)
(-53.2, 1.0, 7.2)
(-52.9, 1.0, 2.8)
(-52.4, 1.0, -1.5)
(-49.8, 1.0, -4.8)
(-46.5, 1.0, -6.9)
(-42.9, 1.0, -8.4)
(-40.6, 1.0, -9.1)
(-40.6, 1.0, -9.1)
(-40.6, 1.0, -9.1)
(-41.0, 1.0, -9.9)
(-44.9, 1.0, -12.9)
(-48.2, 1.0, -16.5)
(-50.9, 1.0, -20.5)
(-51.9, 1.0, -25.3)
(-52.6, 1.0, -30.0)
(-53.1, 1.0, -34.4)
(-53.5, 1.0, -38.7)
(-53.9, 1.0, -43.1)
(-54.3, 1.0, -47.2)
(-54.5, 1.0, -51.1)
(-54.7, 1.0, -54.8)
(-54.7, 1.0, -55.0)
(-54.7, 1.0, -55.0)
(-54.7, 1.0, -55.0)
(-54.7, 1.0, -55.0)
(33.3, 1.0, -7.7)
(33.3, 1.0, -7.7)
(33.3, 1.0, -7.7)
(33.3, 1.0, -7.7)
(33.3, 1.0, -7.7)
(33.3, 1.0, -7.7)
(33.3, 1.0, -7.7)
(33.3, 1.0, -7.7)
(33.3, 1.0, -7.7)
(33.3, 1.0, -7.7)
(33.3, 1.0, -7.7)
(33.3, 1.0, -7.7)
(33.3, 1.0, -7.7)
(33.3, 1.0, -7.7)
(33.3, 1.0, -7.7)
(33.3, 1.0, -7.7)
(33.5, 1.0, -9.8)
(33.5, 1.0, -14.6)
(33.6, 1.0, -19.5)
(33.1, 1.0, -24.5)
(32.9, 1.0, -29.3)
(32.2, 1.0, -33.8)
(31.9, 1.0, -38.2)
(32.2, 1.0, -42.7)
(32.1, 1.0, -46.8)
(31.7, 1.0, -47.5)
(30.5, 1.0, -47.5)
(26.2, 1.0, -48.9)
(21.6, 1.0, -49.7)
(17.3, 1.0, -50.8)
(15.7, 1.0, -51.4)
(15.7, 1.0, -51.4)
(14.8, 1.0, -51.7)
(10.9, 1.0, -53.9)
(6.7, 1.0, -52.2)
(2.3, 1.0, -53.3)
(-2.0, 1.0, -52.6)
(-6.1, 1.0, -53.0)
(-6.2, 1.0, -53.0)
(-5.9, 1.0, -52.6)
(-7.8, 1.0, -51.7)
(-9.4, 1.0, -47.4)
(-9.0, 1.0, -42.6)
(-8.2, 1.0, -37.8)
(-7.1, 1.0, -33.2)
(-6.1, 1.0, -29.0)
(-6.0, 1.0, -28.7)
(-4.3, 1.0, -28.7)
(-1.0, 1.0, -26.5)
(1.8, 1.0, -22.8)
(2.3, 1.0, -18.1)
(1.5, 1.0, -13.5)
(-1.7, 1.0, -11.2)
(-5.7, 1.0, -11.9)
(-9.7, 1.0, -10.4)
(-11.1, 1.0, -10.1)
(-11.7, 1.0, -9.5)
(-11.7, 1.0, -9.5)
(-11.7, 1.0, -9.5)
(-11.7, 1.0, -9.5)
(-13.2, 1.0, -11.1)
(-17.8, 1.0, -10.6)
(-22.7, 1.0, -10.4)
(-26.3, 1.0, -12.8)
(-26.1, 1.0, -16.3)
(-29.1, 1.0, -16.4)
(-31.3, 1.0, -17.1)
(-31.4, 1.0, -18.3)
(-31.6, 1.0, -23.3)
(-29.8, 1.0, -27.8)
(-29.6, 1.0, -32.7)
(-30.8, 1.0, -37.3)
(-35.4, 1.0, -36.7)
(-37.9, 1.0, -33.7)
(-38.6, 1.0, -29.4)
(-39.6, 1.0, -25.2)
(-39.8, 1.0, -20.8)
(-39.8, 1.0, -16.9)
(-39.9, 1.0, -13.1)
(-40.0, 1.0, -11.2)
(-40.0, 1.0, -11.2)
(-40.0, 1.0, -11.2)
(-40.0, 1.0, -11.2)
(-41.1, 1.0, -12.2)
(-45.1, 1.0, -14.8)
(-48.6, 1.0, -18.1)
(-50.1, 1.0, -22.6)
(-50.9, 1.0, -27.5)
(-52.0, 1.0, -31.9)
(-52.8, 1.0, -36.2)
(-53.6, 1.0, -40.5)
(-53.9, 1.0, -45.0)
(-54.1, 1.0, -49.0)
(-54.3, 1.0, -52.9)
(-54.4, 1.0, -55.4)
(-54.4, 1.0, -55.4)
(-54.4, 1.0, -55.4)
(-54.4, 1.0, -55.4)
(-54.4, 1.0, -55.4)
(-54.4, 1.0, -55.4)
(33.3, 1.0, -7.7)
(33.3, 1.0, -7.7)
(33.3, 1.0, -7.7)
(33.3, 1.0, -7.7)
(33.3, 1.0, -7.7)
(33.3, 1.0, -7.7)
(33.3, 1.0, -7.7)
(33.3, 1.0, -7.7)
(33.3, 1.0, -7.7)
(33.3, 1.0, -7.7)
(33.3, 1.0, -7.7)
(33.2, 1.0, -10.9)
(33.3, 1.0, -15.8)
(33.4, 1.0, -20.7)
(33.5, 1.0, -25.5)
(33.6, 1.0, -30.5)
(33.7, 1.0, -34.9)
(33.6, 1.0, -39.3)
(32.5, 1.0, -43.5)
(31.8, 1.0, -46.3)
(30.6, 1.0, -45.3)
(30.2, 1.0, -43.9)
(33.3, 1.0, -43.8)
(30.5, 1.0, -47.5)
(26.4, 1.0, -49.6)
(22.3, 1.0, -50.6)
(18.2, 1.0, -51.3)
(16.9, 1.0, -51.4)
(16.4, 1.0, -50.2)
(14.7, 1.0, -46.0)
(12.0, 1.0, -42.8)
(11.6, 1.0, -38.3)
(11.3, 1.0, -33.9)
(11.0, 1.0, -29.8)
(11.6, 1.0, -25.8)
(13.1, 1.0, -23.6)
(13.2, 1.0, -22.5)
(15.8, 1.0, -21.9)
(17.6, 1.0, -24.9)
(17.9, 1.0, -28.3)
(18.0, 1.0, -30.2)
(18.0, 1.0, -30.4)
(18.1, 1.0, -31.4)
(18.1, 1.0, -31.4)
(18.3, 1.0, -35.2)
(20.3, 1.0, -39.3)
(22.4, 1.0, -38.1)
(24.2, 1.0, -34.7)
(24.8, 1.0, -30.2)
(24.2, 1.0, -25.9)
(23.6, 1.0, -21.7)
(22.4, 1.0, -17.6)
(21.0, 1.0, -13.8)
(21.0, 1.0, -10.1)
(21.4, 1.0, -6.4)
(20.6, 1.0, -2.9)
(17.1, 1.0, -1.7)
(13.9, 1.0, -1.5)
(10.7, 1.0, -2.0)
(7.6, 1.0, -3.0)
(4.9, 1.0, -4.4)
(2.6, 1.0, -5.9)
(-0.1, 1.0, -5.9)
(-2.9, 1.0, -6.2)
(-5.4, 1.0, -6.8)
(-7.5, 1.0, -7.4)
(-9.6, 1.0, -8.2)
(-10.9, 1.0, -8.8)
(-11.5, 1.0, -9.7)
(-11.5, 1.0, -9.7)
(-11.5, 1.0, -9.7)
(-11.0, 1.0, -9.9)
(-7.3, 1.0, -11.4)
(-3.5, 1.0, -12.8)
(0.2, 1.0, -14.6)
(2.8, 1.0, -17.7)
(2.4, 1.0, -21.6)
(-0.3, 1.0, -23.9)
(-3.4, 1.0, -25.3)
(-5.9, 1.0, -27.6)
(-4.7, 1.0, -31.3)
(-5.5, 1.0, -35.1)
(-6.6, 1.0, -38.9)
(-7.6, 1.0, -42.7)
(-8.7, 1.0, -46.3)
(-8.9, 1.0, -49.7)
(-8.5, 1.0, -52.6)
(-8.2, 1.0, -52.8)
(-5.5, 1.0, -53.0)
(-1.2, 1.0, -53.1)
(3.0, 1.0, -53.2)
(6.9, 1.0, -52.9)
(7.5, 1.0, -49.4)
(10.9, 1.0, -47.9)
(13.8, 1.0, -47.5)
(12.9, 1.0, -44.1)
(12.3, 1.0, -41.8)
(13.2, 1.0, -39.5)
(13.0, 1.0, -36.2)
(12.4, 1.0, -33.0)
(11.7, 1.0, -29.8)
(11.2, 1.0, -27.0)
(11.1, 1.0, -24.2)
(12.7, 1.0, -22.1)
(15.1, 1.0, -22.4)
(16.2, 1.0, -24.4)
(16.5, 1.0, -26.7)
(16.9, 1.0, -28.8)
(17.3, 1.0, -31.1)
(17.7, 1.0, -33.3)
(18.2, 1.0, -35.6)
(18.9, 1.0, -37.7)
(20.6, 1.0, -38.5)
(22.2, 1.0, -37.9)
(22.9, 1.0, -36.2)
(23.4, 1.0, -34.5)
(23.4, 1.0, -33.1)
(23.3, 1.0, -31.8)
(23.4, 1.0, -30.5)
(23.7, 1.0, -29.2)
(24.5, 1.0, -29.0)
(25.2, 1.0, -29.3)
(25.2, 1.0, -29.3)
(24.6, 1.0, -29.1)
(24.3, 1.0, -28.8)
(24.3, 1.0, -28.5)
(24.4, 1.0, -28.3)
(24.4, 1.0, -28.3)
(33.3, 1.0, -7.7)
(33.3, 1.0, -7.7)
(33.3, 1.0, -7.7)
(33.3, 1.0, -7.7)
(33.3, 1.0, -7.7)
(33.3, 1.0, -7.7)
(33.3, 1.0, -7.7)
(33.2, 1.0, -7.7)
(33.2, 1.0, -6.6)
(34.6, 1.0, -2.3)
(34.1, 1.0, 2.5)
(33.6, 1.0, 7.4)
(33.2, 1.0, 12.4)
(32.6, 1.0, 17.1)
(31.1, 1.0, 21.2)
(29.3, 1.0, 25.2)
(27.8, 1.0, 29.0)
(26.1, 1.0, 28.6)
(27.3, 1.0, 30.7)
(24.8, 1.0, 33.4)
(21.4, 1.0, 35.1)
(17.7, 1.0, 35.6)
(14.3, 1.0, 35.8)
(10.9, 1.0, 35.7)
(7.5, 1.0, 35.8)
(4.3, 1.0, 35.7)
(3.0, 1.0, 35.0)
(2.9, 1.0, 34.9)
(2.9, 1.0, 34.9)
(1.7, 1.0, 33.9)
(1.7, 1.0, 33.9)
(1.7, 1.0, 33.3)
(1.5, 1.0, 28.6)
(1.2, 1.0, 23.9)
(1.0, 1.0, 19.0)
(-0.9, 1.0, 15.0)
(-4.7, 1.0, 14.2)
(-5.5, 1.0, 17.4)
(-7.1, 1.0, 16.7)
(-6.2, 1.0, 13.1)
(-6.2, 1.0, 9.3)
(-6.6, 1.0, 5.6)
(-8.4, 1.0, 2.4)
(-11.5, 1.0, 1.9)
(-14.2, 1.0, 3.6)
(-14.2, 1.0, 6.1)
(-13.8, 1.0, 7.8)
(-14.1, 1.0, 7.9)
(-14.3, 1.0, 8.0)
(-14.3, 1.0, 8.0)
(-16.7, 1.0, 8.6)
(-21.4, 1.0, 9.4)
(-26.1, 1.0, 9.9)
(-30.9, 1.0, 10.3)
(-35.0, 1.0, 8.0)
(-38.8, 1.0, 8.4)
(-37.6, 1.0, 6.0)
(-39.4, 1.0, 2.6)
(-39.4, 1.0, 2.4)
(-39.4, 1.0, 2.4)
(-42.2, 1.0, 3.6)
(-43.5, 1.0, 8.4)
(-44.9, 1.0, 13.1)
(-45.3, 1.0, 17.9)
(-45.6, 1.0, 22.6)
(-46.0, 1.0, 27.0)
(-47.1, 1.0, 31.3)
(-50.5, 1.0, 33.4)
(-53.9, 1.0, 34.7)
(-55.9, 1.0, 33.0)
(-56.1, 1.0, 28.5)
(-55.8, 1.0, 23.9)
(-55.1, 1.0, 19.4)
(-54.4, 1.0, 15.0)
(-53.8, 1.0, 10.8)
(-53.2, 1.0, 6.8)
(-52.6, 1.0, 2.8)
(-51.9, 1.0, -1.2)
(-50.6, 1.0, -4.6)
(-47.6, 1.0, -6.1)
(-44.3, 1.0, -7.2)
(-41.3, 1.0, -8.6)
(-41.0, 1.0, -8.8)
(-40.8, 1.0, -9.7)
(-43.0, 1.0, -13.0)
(-46.3, 1.0, -15.9)
(-48.8, 1.0, -19.3)
(-49.5, 1.0, -23.7)
(-50.1, 1.0, -28.0)
(-50.8, 1.0, -31.8)
(-51.4, 1.0, -35.7)
(-52.0, 1.0, -39.6)
(-52.6, 1.0, -43.4)
(-53.1, 1.0, -46.8)
(-53.6, 1.0, -50.2)
(-54.2, 1.0, -53.5)
(-54.4, 1.0, -55.1)
(-54.4, 1.0, -54.6)
(-54.4, 1.0, -54.6)
(-54.4, 1.0, -54.6)
(33.3, 1.0, -7.7)
(33.3, 1.0, -7.7)
(33.3, 1.0, -7.7)
(33.3, 1.0, -7.7)
(33.3, 1.0, -7.7)
(33.3, 1.0, -7.7)
(33.3, 1.0, -7.7)
(33.3, 1.0, -7.7)
(33.3, 1.0, -7.7)
(33.3, 1.0, -7.7)
(33.3, 1.0, -7.7)
(31.2, 1.0, -5.5)
(34.1, 1.0, -2.0)
(33.6, 1.0, 2.7)
(32.5, 1.0, 7.6)
(32.1, 1.0, 12.4)
(31.6, 1.0, 16.7)
(31.1, 1.0, 21.1)
(30.5, 1.0, 25.5)
(29.2, 1.0, 29.4)
(25.6, 1.0, 31.1)
(21.8, 1.0, 30.6)
(18.0, 1.0, 29.4)
(15.6, 1.0, 28.7)
(15.6, 1.0, 28.7)
(15.6, 1.0, 28.7)
(15.6, 1.0, 28.7)
(19.1, 1.0, 27.4)
(23.5, 1.0, 29.4)
(24.8, 1.0, 33.7)
(20.4, 1.0, 33.7)
(16.3, 1.0, 35.9)
(11.9, 1.0, 35.8)
(7.4, 1.0, 35.9)
(3.3, 1.0, 35.7)
(2.8, 1.0, 35.5)
(1.5, 1.0, 34.1)
(1.3, 1.0, 32.5)
(3.5, 1.0, 28.2)
(3.7, 1.0, 23.5)
(2.7, 1.0, 18.7)
(1.7, 1.0, 13.9)
(-2.0, 1.0, 13.4)
(-4.8, 1.0, 14.6)
(-9.0, 1.0, 15.1)
(-13.3, 1.0, 15.6)
(-17.5, 1.0, 15.9)
(-21.4, 1.0, 16.2)
(-25.0, 1.0, 17.4)
(-28.1, 1.0, 19.7)
(-31.0, 1.0, 21.8)
(-33.8, 1.0, 23.8)
(-36.5, 1.0, 25.8)
(-39.3, 1.0, 27.7)
(-41.9, 1.0, 29.3)
(-44.3, 1.0, 30.9)
(-46.8, 1.0, 32.3)
(-49.3, 1.0, 33.8)
(-51.5, 1.0, 35.1)
(-53.8, 1.0, 36.1)
(-54.4, 1.0, 35.9)
(-54.8, 1.0, 35.7)
(-54.8, 1.0, 35.7)
(-54.8, 1.0, 35.7)
(-54.8, 1.0, 35.7)
(-54.8, 1.0, 35.7)
(-54.8, 1.0, 35.7)
(-55.0, 1.0, 32.5)
(-55.3, 1.0, 27.6)
(-55.2, 1.0, 22.7)
(-54.8, 1.0, 17.9)
(-54.4, 1.0, 12.9)
(-54.1, 1.0, 8.5)
(-53.7, 1.0, 4.0)
(-53.4, 1.0, -0.4)
(-52.7, 1.0, -4.7)
(-49.2, 1.0, -5.1)
(-45.8, 1.0, -6.6)
(-42.6, 1.0, -8.5)
(-41.3, 1.0, -9.0)
(-41.3, 1.0, -9.0)
(-41.3, 1.0, -9.0)
(-41.3, 1.0, -9.0)
(-40.8, 1.0, -10.1)
(-44.0, 1.0, -13.5)
(-48.2, 1.0, -15.7)
(-50.4, 1.0, -19.8)
(-50.5, 1.0, -24.8)
(-51.3, 1.0, -29.5)
(-51.9, 1.0, -33.8)
(-52.5, 1.0, -38.2)
(-53.0, 1.0, -42.6)
(-53.4, 1.0, -46.9)
(-53.9, 1.0, -50.7)
(-54.3, 1.0, -54.6)
(-55.0, 1.0, -55.9)
(-53.8, 1.0, -55.1)
(33.3, 1.0, -7.7)
(33.3, 1.0, -7.7)
(33.3, 1.0, -7.7)
(33.3, 1.0, -7.7)
(33.3, 1.0, -7.7)
(33.3, 1.0, -7.7)
(33.3, 1.0, -7.7)
(29.8, 1.0, -7.7)
(28.0, 1.0, -6.9)
(31.4, 1.0, -3.5)
(30.7, 1.0, 1.4)
(30.1, 1.0, 6.1)
(29.7, 1.0, 10.5)
(29.4, 1.0, 15.0)
(29.0, 1.0, 19.4)
(28.7, 1.0, 23.6)
(28.3, 1.0, 27.5)
(25.0, 1.0, 28.9)
(21.4, 1.0, 27.6)
(17.7, 1.0, 27.4)
(15.2, 1.0, 27.4)
(15.2, 1.0, 27.4)
(16.1, 1.0, 27.7)
(16.1, 1.0, 27.7)
(16.1, 1.0, 27.7)
(19.2, 1.0, 28.6)
(24.0, 1.0, 30.0)
(24.3, 1.0, 33.6)
(19.5, 1.0, 34.8)
(14.8, 1.0, 34.4)
(10.3, 1.0, 35.0)
(6.0, 1.0, 35.5)
(2.5, 1.0, 35.9)
(2.1, 1.0, 34.3)
(2.0, 1.0, 31.2)
(1.8, 1.0, 26.2)
(1.6, 1.0, 21.3)
(0.5, 1.0, 16.6)
(-2.8, 1.0, 13.1)
(-5.7, 1.0, 15.2)
(-8.9, 1.0, 17.3)
(-13.3, 1.0, 17.6)
(-17.5, 1.0, 18.4)
(-21.5, 1.0, 18.5)
(-25.4, 1.0, 18.4)
(-29.3, 1.0, 18.3)
(-33.2, 1.0, 18.5)
(-34.8, 1.0, 19.9)
(-34.8, 1.0, 19.9)
(-35.9, 1.0, 22.9)
(-38.2, 1.0, 26.6)
(-41.5, 1.0, 29.3)
(-45.1, 1.0, 31.6)
(-48.6, 1.0, 34.0)
(-52.0, 1.0, 35.6)
(-54.1, 1.0, 35.0)
(-53.8, 1.0, 34.4)
(-54.5, 1.0, 30.3)
(-55.4, 1.0, 25.9)
(-54.5, 1.0, 21.4)
(-54.0, 1.0, 16.8)
(-53.5, 1.0, 12.3)
(-53.1, 1.0, 8.3)
(-52.6, 1.0, 4.2)
(-52.2, 1.0, 0.1)
(-51.7, 1.0, -3.8)
(-49.7, 1.0, -6.5)
(-46.3, 1.0, -7.4)
(-43.1, 1.0, -8.6)
(-42.1, 1.0, -10.0)
(-42.1, 1.0, -10.1)
(-41.9, 1.0, -10.4)
(-41.9, 1.0, -10.4)
(-41.9, 1.0, -10.6)
(-44.8, 1.0, -14.0)
(-48.8, 1.0, -16.9)
(-49.2, 1.0, -21.6)
(-49.0, 1.0, -26.6)
(-49.0, 1.0, -31.2)
(-49.2, 1.0, -35.7)
(-49.6, 1.0, -40.1)
(-50.4, 1.0, -44.5)
(-51.5, 1.0, -48.5)
(-52.9, 1.0, -52.1)
(-55.3, 1.0, -55.0)
(-55.5, 1.0, -55.2)
(-55.5, 1.0, -55.2)
(-55.5, 1.0, -55.2)
(-55.5, 1.0, -55.2)
(-55.5, 1.0, -55.2)
(-55.5, 1.0, -55.2)
(-55.5, 1.0, -55.2)
(33.3, 1.0, -7.7)
(33.3, 1.0, -7.7)
(33.3, 1.0, -7.7)
(33.3, 1.0, -7.7)
(33.3, 1.0, -7.7)
(33.3, 1.0, -7.7)
(33.3, 1.0, -7.7)
(33.3, 1.0, -7.7)
(33.3, 1.0, -7.7)
(33.3, 1.0, -7.7)
(33.3, 1.0, -7.7)
(33.3, 1.0, -7.7)
(33.3, 1.0, -7.7)
(33.3, 1.0, -7.7)
(33.3, 1.0, -7.7)
(33.3, 1.0, -7.7)
(33.3, 1.0, -7.7)
(33.3, 1.0, -7.7)
(33.8, 1.0, -6.2)
(34.7, 1.0, -1.5)
(34.0, 1.0, 3.2)
(34.0, 1.0, 8.1)
(32.6, 1.0, 12.7)
(31.8, 1.0, 17.4)
(31.1, 1.0, 21.7)
(29.6, 1.0, 25.8)
(27.8, 1.0, 29.0)
(25.5, 1.0, 27.6)
(22.1, 1.0, 29.1)
(18.4, 1.0, 28.6)
(15.9, 1.0, 27.7)
(15.5, 1.0, 27.6)
(15.5, 1.0, 27.6)
(15.5, 1.0, 27.6)
(16.0, 1.0, 27.9)
(20.4, 1.0, 29.4)
(24.7, 1.0, 30.8)
(24.0, 1.0, 34.7)
(19.6, 1.0, 34.0)
(16.5, 1.0, 37.3)
(12.2, 1.0, 37.1)
(7.8, 1.0, 36.8)
(3.5, 1.0, 36.3)
(2.6, 1.0, 36.1)
(2.4, 1.0, 31.9)
(2.3, 1.0, 27.1)
(2.2, 1.0, 22.4)
(1.8, 1.0, 17.7)
(-1.0, 1.0, 14.1)
(-4.9, 1.0, 14.8)
(-6.1, 1.0, 18.8)
(-9.6, 1.0, 21.1)
(-12.6, 1.0, 18.5)
(-16.4, 1.0, 18.9)
(-20.1, 1.0, 18.6)
(-23.9, 1.0, 18.2)
(-27.6, 1.0, 18.3)
(-30.9, 1.0, 18.3)
(-33.9, 1.0, 18.3)
(-34.1, 1.0, 18.3)
(-34.1, 1.0, 18.3)
(-34.1, 1.0, 18.3)
(-34.5, 1.0, 18.6)
(-34.9, 1.0, 22.7)
(-38.2, 1.0, 25.3)
(-40.4, 1.0, 29.0)
(-43.4, 1.0, 31.9)
(-46.6, 1.0, 34.0)
(-50.0, 1.0, 35.7)
(-52.2, 1.0, 36.7)
(-53.9, 1.0, 35.7)
(-54.1, 1.0, 35.6)
(-54.1, 1.0, 35.6)
(-55.5, 1.0, 33.6)
(-52.6, 1.0, 29.9)
(-54.5, 1.0, 25.5)
(-55.0, 1.0, 20.6)
(-55.0, 1.0, 15.8)
(-54.8, 1.0, 11.1)
(-54.5, 1.0, 6.8)
(-54.1, 1.0, 2.4)
(-52.5, 1.0, -1.6)
(-50.1, 1.0, -4.9)
(-47.1, 1.0, -7.3)
(-43.6, 1.0, -8.6)
(-41.1, 1.0, -10.0)
(-41.1, 1.0, -10.1)
(-41.1, 1.0, -10.2)
(-44.4, 1.0, -13.3)
(-47.8, 1.0, -16.7)
(-50.1, 1.0, -20.9)
(-51.3, 1.0, -25.6)
(-52.2, 1.0, -30.2)
(-52.7, 1.0, -34.6)
(-53.1, 1.0, -39.0)
(-53.4, 1.0, -43.3)
(-53.6, 1.0, -47.5)
(-54.1, 1.0, -51.3)
(-54.7, 1.0, -55.1)
(-54.8, 1.0, -55.6)
(-54.8, 1.0, -55.6)
(-54.8, 1.0, -55.6)
(33.3, 1.0, -7.7)
(33.3, 1.0, -7.7)
(33.3, 1.0, -7.7)
(33.3, 1.0, -7.7)
(33.3, 1.0, -7.7)
(33.3, 1.0, -7.7)
(33.3, 1.0, -7.7)
(31.1, 1.0, -6.9)
(32.4, 1.0, -9.6)
(32.3, 1.0, -14.3)
(32.1, 1.0, -19.2)
(32.2, 1.0, -24.1)
(32.3, 1.0, -29.0)
(32.4, 1.0, -33.5)
(32.6, 1.0, -38.0)
(32.7, 1.0, -42.3)
(32.3, 1.0, -46.5)
(31.1, 1.0, -47.5)
(26.7, 1.0, -48.3)
(22.3, 1.0, -49.6)
(17.9, 1.0, -50.9)
(13.5, 1.0, -52.0)
(8.7, 1.0, -52.5)
(3.8, 1.0, -52.5)
(-0.9, 1.0, -51.7)
(-5.1, 1.0, -49.4)
(-7.7, 1.0, -45.5)
(-9.5, 1.0, -41.6)
(-9.2, 1.0, -37.4)
(-6.2, 1.0, -34.2)
(-4.1, 1.0, -30.5)
(-2.1, 1.0, -27.1)
(0.2, 1.0, -23.5)
(2.4, 1.0, -19.9)
(1.2, 1.0, -16.5)
(-2.6, 1.0, -15.1)
(-5.8, 1.0, -12.9)
(-9.2, 1.0, -11.3)
(-12.6, 1.0, -9.9)
(-16.7, 1.0, -9.8)
(-20.8, 1.0, -10.4)
(-24.8, 1.0, -11.5)
(-28.0, 1.0, -14.2)
(-29.1, 1.0, -18.0)
(-29.9, 1.0, -22.1)
(-30.6, 1.0, -26.4)
(-31.3, 1.0, -30.7)
(-32.3, 1.0, -35.0)
(-35.0, 1.0, -38.2)
(-37.1, 1.0, -35.4)
(-37.6, 1.0, -31.6)
(-38.6, 1.0, -27.8)
(-40.1, 1.0, -24.2)
(-41.5, 1.0, -21.0)
(-43.0, 1.0, -17.9)
(-42.6, 1.0, -14.7)
(-41.4, 1.0, -11.7)
(-41.3, 1.0, -10.8)
(-41.5, 1.0, -11.0)
(-43.8, 1.0, -13.2)
(-47.2, 1.0, -15.2)
(-49.8, 1.0, -18.2)
(-51.0, 1.0, -22.0)
(-51.6, 1.0, -25.7)
(-51.9, 1.0, -29.2)
(-52.2, 1.0, -32.7)
(-52.5, 1.0, -36.1)
(-52.8, 1.0, -39.5)
(-53.1, 1.0, -42.4)
(-53.3, 1.0, -45.4)
(-53.5, 1.0, -48.3)
(-53.7, 1.0, -51.2)
(-53.9, 1.0, -53.7)
(-54.5, 1.0, -55.0)
(-54.5, 1.0, -55.0)
(-54.5, 1.0, -55.0)
(-54.5, 1.0, -55.0)
(-54.5, 1.0, -55.0)
(-54.5, 1.0, -55.0)
(-54.5, 1.0, -55.0)
(-54.5, 1.0, -55.0)
(-54.5, 1.0, -55.0)
(-54.5, 1.0, -55.0)
(33.3, 1.0, -7.7)
(33.3, 1.0, -7.7)
(33.3, 1.0, -7.7)
(33.3, 1.0, -7.7)
(33.3, 1.0, -7.7)
(33.3, 1.0, -7.7)
(33.3, 1.0, -7.7)
(33.3, 1.0, -7.7)
(33.2, 1.0, -11.0)
(33.5, 1.0, -15.8)
(33.6, 1.0, -20.7)
(33.4, 1.0, -25.5)
(33.0, 1.0, -30.5)
(32.8, 1.0, -35.0)
(32.7, 1.0, -39.4)
(32.6, 1.0, -43.8)
(31.0, 1.0, -47.3)
(26.6, 1.0, -47.3)
(22.6, 1.0, -49.1)
(18.4, 1.0, -50.8)
(14.2, 1.0, -52.0)
(9.5, 1.0, -52.6)
(4.7, 1.0, -52.4)
(-0.1, 1.0, -52.4)
(-4.8, 1.0, -53.4)
(-6.3, 1.0, -49.6)
(-7.9, 1.0, -45.3)
(-6.8, 1.0, -40.9)
(-5.7, 1.0, -36.3)
(-5.9, 1.0, -31.6)
(-5.8, 1.0, -27.3)
(-1.7, 1.0, -25.1)
(0.3, 1.0, -21.1)
(2.9, 1.0, -17.7)
(-1.6, 1.0, -16.6)
(-5.8, 1.0, -14.6)
(-8.7, 1.0, -11.4)
(-12.3, 1.0, -9.3)
(-14.2, 1.0, -12.9)
(-16.8, 1.0, -16.7)
(-18.9, 1.0, -21.0)
(-19.0, 1.0, -25.8)
(-18.9, 1.0, -30.6)
(-19.0, 1.0, -34.9)
(-19.2, 1.0, -39.3)
(-19.4, 1.0, -43.6)
(-19.7, 1.0, -47.9)
(-20.4, 1.0, -51.5)
(-20.6, 1.0, -51.7)
(-23.6, 1.0, -50.6)
(-22.1, 1.0, -46.4)
(-21.1, 1.0, -41.9)
(-20.7, 1.0, -37.2)
(-20.5, 1.0, -32.5)
(-20.8, 1.0, -28.2)
(-21.2, 1.0, -24.0)
(-21.6, 1.0, -19.8)
(-22.3, 1.0, -15.7)
(-23.8, 1.0, -12.3)
(-27.1, 1.0, -13.3)
(-28.9, 1.0, -16.4)
(-30.0, 1.0, -19.5)
(-30.0, 1.0, -19.6)
(-30.0, 1.0, -19.6)
(-30.7, 1.0, -21.2)
(-30.0, 1.0, -25.7)
(-29.4, 1.0, -30.4)
(-30.9, 1.0, -34.7)
(-35.3, 1.0, -36.8)
(-37.6, 1.0, -33.8)
(-37.9, 1.0, -29.5)
(-38.8, 1.0, -25.3)
(-39.4, 1.0, -21.0)
(-39.6, 1.0, -16.9)
(-39.7, 1.0, -13.1)
(-40.5, 1.0, -11.7)
(-43.9, 1.0, -13.4)
(-47.0, 1.0, -16.1)
(-49.5, 1.0, -19.6)
(-50.8, 1.0, -23.6)
(-51.3, 1.0, -27.6)
(-51.7, 1.0, -31.2)
(-52.2, 1.0, -34.9)
(-52.7, 1.0, -38.6)
(-53.1, 1.0, -42.1)
(-53.4, 1.0, -45.2)
(-53.7, 1.0, -48.4)
(-54.0, 1.0, -51.6)
(-54.4, 1.0, -54.7)
(33.3, 1.0, -7.7)
(33.3, 1.0, -7.7)
(33.3, 1.0, -7.7)
(33.3, 1.0, -7.7)
(33.3, 1.0, -7.7)
(33.3, 1.0, -7.7)
(33.3, 1.0, -7.7)
(29.9, 1.0, -8.6)
(31.5, 1.0, -12.7)
(31.8, 1.0, -17.5)
(32.2, 1.0, -22.4)
(32.5, 1.0, -27.0)
(32.7, 1.0, -31.4)
(32.7, 1.0, -35.8)
(32.7, 1.0, -40.2)
(32.7, 1.0, -44.3)
(31.8, 1.0, -48.1)
(27.8, 1.0, -47.7)
(23.5, 1.0, -48.8)
(19.6, 1.0, -50.8)
(15.4, 1.0, -51.8)
(10.9, 1.0, -52.4)
(6.1, 1.0, -52.6)
(1.4, 1.0, -53.2)
(-3.5, 1.0, -53.5)
(-7.2, 1.0, -51.9)
(-8.2, 1.0, -47.3)
(-7.6, 1.0, -42.5)
(-7.0, 1.0, -37.7)
(-6.4, 1.0, -33.0)
(-5.2, 1.0, -28.6)
(-2.5, 1.0, -24.8)
(0.5, 1.0, -21.0)
(1.5, 1.0, -16.9)
(-3.1, 1.0, -17.0)
(-5.8, 1.0, -13.1)
(-9.9, 1.0, -11.5)
(-14.0, 1.0, -9.6)
(-18.7, 1.0, -8.8)
(-22.8, 1.0, -10.7)
(-26.8, 1.0, -13.5)
(-29.7, 1.0, -17.3)
(-31.3, 1.0, -21.7)
(-29.7, 1.0, -26.2)
(-30.3, 1.0, -31.1)
(-31.5, 1.0, -35.7)
(-35.3, 1.0, -35.5)
(-37.1, 1.0, -34.7)
(-38.2, 1.0, -30.7)
(-40.3, 1.0, -26.9)
(-42.3, 1.0, -23.0)
(-44.2, 1.0, -19.4)
(-46.2, 1.0, -16.1)
(-49.2, 1.0, -17.2)
(-49.3, 1.0, -21.1)
(-49.7, 1.0, -24.6)
(-50.2, 1.0, -28.0)
(-50.6, 1.0, -31.3)
(-51.0, 1.0, -34.8)
(-51.4, 1.0, -37.8)
(-51.8, 1.0, -40.7)
(-52.3, 1.0, -43.5)
(-52.8, 1.0, -46.4)
(-53.2, 1.0, -48.9)
(-53.8, 1.0, -51.2)
(-54.6, 1.0, -53.5)
(33.3, 1.0, -7.7)
(33.3, 1.0, -7.7)
(33.3, 1.0, -7.7)
(33.3, 1.0, -7.7)
(33.3, 1.0, -7.7)
(33.3, 1.0, -7.7)
(33.3, 1.0, -7.7)
(33.3, 1.0, -7.7)
(33.3, 1.0, -7.7)
(33.3, 1.0, -7.7)
(33.3, 1.0, -7.7)
(33.3, 1.0, -7.7)
(36.4, 1.0, -7.7)
(36.7, 1.0, -7.7)
(36.7, 1.0, -7.7)
(36.9, 1.0, -8.8)
(37.0, 1.0, -13.6)
(36.4, 1.0, -18.6)
(35.8, 1.0, -23.4)
(35.2, 1.0, -28.3)
(34.6, 1.0, -33.0)
(34.1, 1.0, -37.3)
(33.5, 1.0, -41.7)
(32.7, 1.0, -45.9)
(32.6, 1.0, -46.3)
(31.6, 1.0, -46.6)
(27.0, 1.0, -47.4)
(22.5, 1.0, -48.9)
(18.3, 1.0, -50.6)
(14.7, 1.0, -51.9)
(13.7, 1.0, -52.2)
(8.9, 1.0, -51.9)
(4.1, 1.0, -52.3)
(-0.8, 1.0, -52.9)
(-5.5, 1.0, -53.4)
(-6.8, 1.0, -53.4)
(-6.8, 1.0, -53.4)
(-7.6, 1.0, -52.3)
(-9.7, 1.0, -48.0)
(-9.6, 1.0, -43.2)
(-8.9, 1.0, -38.4)
(-7.9, 1.0, -33.6)
(-6.6, 1.0, -29.6)
(-6.5, 1.0, -29.4)
(-6.2, 1.0, -28.6)
(-2.3, 1.0, -26.0)
(1.1, 1.0, -22.5)
(3.4, 1.0, -18.4)
(-0.2, 1.0, -15.9)
(-3.6, 1.0, -13.3)
(-7.3, 1.0, -10.9)
(-11.2, 1.0, -9.1)
(-15.4, 1.0, -7.7)
(-20.0, 1.0, -8.4)
(-16.5, 1.0, -7.5)
(-15.8, 1.0, -8.4)
(-13.4, 1.0, -9.3)
(-13.4, 1.0, -9.3)
(-13.4, 1.0, -9.3)
(-11.9, 1.0, -10.3)
(-11.9, 1.0, -10.3)
(-11.9, 1.0, -10.3)
(-11.9, 1.0, -10.3)
(-13.9, 1.0, -10.0)
(-18.8, 1.0, -9.8)
(-23.6, 1.0, -10.3)
(-26.4, 1.0, -14.0)
(-29.9, 1.0, -17.1)
(-29.9, 1.0, -19.0)
(-29.9, 1.0, -20.5)
(-29.9, 1.0, -25.4)
(-30.6, 1.0, -30.2)
(-31.9, 1.0, -34.9)
(-35.3, 1.0, -37.7)
(-36.2, 1.0, -33.7)
(-38.1, 1.0, -29.9)
(-39.6, 1.0, -25.8)
(-40.5, 1.0, -21.5)
(-40.5, 1.0, -17.4)
(-40.4, 1.0, -13.5)
(-40.4, 1.0, -11.3)
(-40.4, 1.0, -11.3)
(-40.4, 1.0, -11.3)
(-40.4, 1.0, -11.3)
(-42.2, 1.0, -12.7)
(-46.1, 1.0, -15.6)
(-49.5, 1.0, -19.1)
(-50.0, 1.0, -23.9)
(-50.8, 1.0, -28.8)
(-51.4, 1.0, -33.1)
(-52.1, 1.0, -37.5)
(-52.6, 1.0, -41.8)
(-53.1, 1.0, -46.2)
(-53.6, 1.0, -50.1)
(-54.0, 1.0, -53.9)
(33.3, 1.0, -7.7)
(33.3, 1.0, -7.7)
(33.3, 1.0, -7.7)
(33.3, 1.0, -7.7)
(33.3, 1.0, -7.7)
(33.3, 1.0, -7.7)
(33.3, 1.0, -7.7)
(33.1, 1.0, -7.8)
(34.5, 1.0, -12.3)
(33.9, 1.0, -17.1)
(33.6, 1.0, -22.0)
(33.4, 1.0, -25.9)
(33.4, 1.0, -25.9)
(33.4, 1.0, -25.9)
(33.4, 1.0, -25.9)
(33.4, 1.0, -25.8)
(33.4, 1.0, -25.8)
(33.2, 1.0, -28.6)
(33.0, 1.0, -32.5)
(32.8, 1.0, -36.4)
(32.6, 1.0, -40.2)
(32.4, 1.0, -43.6)
(32.3, 1.0, -46.1)
(32.3, 1.0, -46.1)
(33.3, 1.0, -7.7)
(33.3, 1.0, -7.7)
(33.3, 1.0, -7.7)
(33.3, 1.0, -7.7)
(33.3, 1.0, -7.7)
(33.3, 1.0, -7.7)
(33.3, 1.0, -7.7)
(33.4, 1.0, -7.7)
(33.8, 1.0, -7.7)
(36.3, 1.0, -7.3)
(35.8, 1.0, -8.3)
(34.3, 1.0, -13.1)
(33.1, 1.0, -17.7)
(31.9, 1.0, -22.4)
(32.9, 1.0, -27.1)
(33.5, 1.0, -31.7)
(32.9, 1.0, -36.0)
(32.8, 1.0, -40.4)
(32.6, 1.0, -44.8)
(32.4, 1.0, -47.2)
(32.1, 1.0, -47.4)
(27.9, 1.0, -49.2)
(23.4, 1.0, -50.1)
(18.9, 1.0, -50.8)
(17.3, 1.0, -51.0)
(13.2, 1.0, -51.6)
(8.5, 1.0, -52.4)
(3.6, 1.0, -52.9)
(-1.2, 1.0, -53.3)
(-5.9, 1.0, -53.6)
(-6.7, 1.0, -53.6)
(-6.7, 1.0, -53.5)
(-6.1, 1.0, -49.2)
(-9.0, 1.0, -45.3)
(-9.7, 1.0, -40.7)
(-8.8, 1.0, -35.8)
(-7.7, 1.0, -31.2)
(-5.6, 1.0, -27.2)
(-1.4, 1.0, -24.9)
(1.4, 1.0, -21.0)
(2.9, 1.0, -16.4)
(0.2, 1.0, -12.6)
(-4.6, 1.0, -12.2)
(-8.6, 1.0, -10.9)
(-12.8, 1.0, -9.5)
(-16.3, 1.0, -9.3)
(-21.2, 1.0, -9.1)
(-22.7, 1.0, -9.5)
(-22.7, 1.0, -9.5)
(-23.2, 1.0, -10.3)
(-26.9, 1.0, -12.7)
(-29.6, 1.0, -16.0)
(-30.2, 1.0, -19.3)
(-30.7, 1.0, -23.8)
(-30.6, 1.0, -28.6)
(-30.8, 1.0, -33.4)
(-33.7, 1.0, -37.0)
(-38.2, 1.0, -36.7)
(-40.5, 1.0, -33.1)
(-41.2, 1.0, -29.0)
(-40.2, 1.0, -24.7)
(-39.4, 1.0, -20.6)
(-39.6, 1.0, -16.8)
(-40.1, 1.0, -13.0)
(-40.2, 1.0, -11.9)
(-40.2, 1.0, -11.9)
(-40.2, 1.0, -11.9)
(-43.6, 1.0, -13.5)
(-48.1, 1.0, -15.3)
(-51.7, 1.0, -18.2)
(-52.7, 1.0, -22.8)
(-53.6, 1.0, -27.4)
(-54.3, 1.0, -31.6)
(-54.6, 1.0, -36.0)
(-54.8, 1.0, -40.2)
(-55.0, 1.0, -44.4)
(-55.1, 1.0, -48.2)
(-55.3, 1.0, -52.1)
(-54.6, 1.0, -55.4)
(-54.6, 1.0, -55.5)
(-54.6, 1.0, -55.5)
(-54.6, 1.0, -55.5)
(-54.6, 1.0, -55.5)
(33.3, 1.0, -7.7)
(33.3, 1.0, -7.7)
(33.3, 1.0, -7.7)
(33.3, 1.0, -7.7)
(33.3, 1.0, -7.7)
(33.3, 1.0, -7.7)
(33.3, 1.0, -7.7)
(34.2, 1.0, -7.7)
(35.6, 1.0, -7.6)
(33.3, 1.0, -3.5)
(32.6, 1.0, 1.4)
(32.5, 1.0, 6.4)
(32.4, 1.0, 11.3)
(32.3, 1.0, 16.2)
(31.4, 1.0, 20.5)
(29.4, 1.0, 24.4)
(27.3, 1.0, 28.4)
(25.4, 1.0, 32.1)
(23.1, 1.0, 35.2)
(19.3, 1.0, 35.6)
(15.5, 1.0, 35.2)
(11.8, 1.0, 35.6)
(8.5, 1.0, 35.8)
(5.1, 1.0, 35.9)
(2.5, 1.0, 35.9)
(1.9, 1.0, 35.6)
(1.9, 1.0, 35.6)
(1.9, 1.0, 35.6)
(1.6, 1.0, 35.1)
(0.1, 1.0, 30.6)
(0.1, 1.0, 25.6)
(0.6, 1.0, 20.7)
(0.3, 1.0, 16.0)
(-3.0, 1.0, 12.6)
(-6.1, 1.0, 12.6)
(-8.4, 1.0, 15.4)
(-12.5, 1.0, 17.0)
(-16.8, 1.0, 17.3)
(-20.7, 1.0, 17.5)
(-24.5, 1.0, 17.6)
(-28.4, 1.0, 17.8)
(-32.2, 1.0, 18.0)
(-35.0, 1.0, 18.1)
(-35.0, 1.0, 18.1)
(-36.4, 1.0, 19.2)
(-37.2, 1.0, 20.1)
(-40.2, 1.0, 23.6)
(-43.1, 1.0, 27.0)
(-46.0, 1.0, 30.5)
(-49.7, 1.0, 33.3)
(-53.4, 1.0, 35.3)
(-54.2, 1.0, 35.7)
(-54.2, 1.0, 35.7)
(-54.7, 1.0, 33.0)
(-55.4, 1.0, 28.3)
(-55.4, 1.0, 23.3)
(-55.4, 1.0, 18.4)
(-54.9, 1.0, 13.5)
(-54.4, 1.0, 9.0)
(-53.9, 1.0, 4.5)
(-53.4, 1.0, 0.3)
(-51.0, 1.0, -3.3)
(-47.9, 1.0, -5.9)
(-44.4, 1.0, -7.3)
(-40.9, 1.0, -8.6)
(-40.5, 1.0, -8.8)
(-40.5, 1.0, -8.8)
(-40.5, 1.0, -8.8)
(-40.7, 1.0, -10.0)
(-43.5, 1.0, -13.8)
(-47.8, 1.0, -16.3)
(-50.0, 1.0, -20.5)
(-51.1, 1.0, -25.3)
(-51.3, 1.0, -30.0)
(-52.4, 1.0, -34.3)
(-51.9, 1.0, -38.6)
(-52.5, 1.0, -42.9)
(-53.4, 1.0, -46.9)
(-53.9, 1.0, -50.7)
(-53.9, 1.0, -54.5)
(-53.9, 1.0, -56.3)
(-53.9, 1.0, -56.3)
(-53.9, 1.0, -56.3)
(33.3, 1.0, -7.7)
(33.3, 1.0, -7.7)
(33.3, 1.0, -7.7)
(33.3, 1.0, -7.7)
(33.3, 1.0, -7.7)
(33.3, 1.0, -7.7)
(33.3, 1.0, -7.7)
(33.3, 1.0, -7.7)
(33.3, 1.0, -7.7)
(33.3, 1.0, -7.7)
(33.3, 1.0, -7.7)
(33.3, 1.0, -7.7)
(33.3, 1.0, -7.7)
(33.3, 1.0, -7.7)
(33.3, 1.0, -7.7)